  0        0 166.7
  1    10000 400.0
  2    20000 183.3
  3    30000 283.3
  4    40000 216.7
  5    50000 266.7
  6    60000 250.0
  7    70000 350.0
  8    80000 483.3
  9    90000 383.3
 10   100000 300.0
 11   110000 233.3
 12   120000 233.3
 13   130000 166.7
 14   140000 350.0
 15   150000 350.0
 16   160000 233.3
 17   170000 216.7
 18   180000 200.0
 19   190000 233.3
 20   200000 216.7
 21   210000 283.3
 22   220000 250.0
 23   230000 450.0
 24   240000 216.7
 25   250000 350.0
 26   260000 533.3
 27   270000 300.0
 28   280000 350.0
 29   290000 300.0
 30   300000 433.3
 31   310000 366.7
 32   320000 383.3
 33   330000 216.7
 34   340000 550.0
 35   350000 266.7
 36   360000 533.3
 37   370000 383.3
 38   380000 566.7
 39   390000 500.0
 40   400000 433.3
 41   410000 583.3
 42   420000 483.3
 43   430000 333.3
 44   440000 733.3
 45   450000 716.7
 46   460000 550.0
 47   470000 416.7
 48   480000 500.0
 49   490000 866.7
 50   500000 716.7
 51   510000 550.0
 52   520000 766.7
 53   530000 616.7
 54   540000 1100.0
 55   550000 850.0
 56   560000 883.3
 57   570000 533.3
 58   580000 933.3
 59   590000 483.3
 60   600000 533.3
 61   610000 533.3
 62   620000 583.3
 63   630000 916.7
 64   640000 666.7
 65   650000 1000.0
 66   660000 600.0
 67   670000 616.7
 68   680000 266.7
 69   690000 700.0
 70   700000 900.0
 71   710000 800.0
 72   720000 633.3
 73   730000 650.0
 74   740000 616.7
 75   750000 516.7
 76   760000 916.7
 77   770000 950.0
 78   780000 883.3
 79   790000 616.7
 80   800000 400.0
 81   810000 666.7
 82   820000 800.0
 83   830000 650.0
 84   840000 766.7
 85   850000 716.7
 86   860000 583.3
 87   870000 1150.0
 88   880000 1000.0
 89   890000 816.7
 90   900000 883.3
 91   910000 966.7
 92   920000 1083.3
 93   930000 700.0
 94   940000 516.7
 95   950000 633.3
 96   960000 450.0
 97   970000 616.7
 98   980000 1066.7
 99   990000 900.0
100  1000000 1000.0
101  1010000 1216.7
102  1020000 1300.0
103  1030000 700.0
104  1040000 1233.3
105  1050000 1016.7
106  1060000 783.3
107  1070000 1033.3
108  1080000 1300.0
109  1090000 1066.7
110  1100000 1150.0
111  1110000 1150.0
112  1120000 1483.3
113  1130000 850.0
114  1140000 1300.0
115  1150000 883.3
116  1160000 1316.7
117  1170000 1033.3
118  1180000 1133.3
119  1190000 1150.0
120  1200000 1166.7
121  1210000 883.3
122  1220000 1266.7
123  1230000 1183.3
124  1240000 1200.0
125  1250000 966.7
126  1260000 1883.3
127  1270000 1650.0
128  1280000 2000.0
129  1290000 1850.0
130  1300000 2133.3
131  1310000 1300.0
132  1320000 2050.0
133  1330000 1566.7
134  1340000 1400.0
135  1350000 1250.0
136  1360000 1966.7
137  1370000 900.0
138  1380000 1200.0
139  1390000 1383.3
140  1400000 1450.0
141  1410000 1800.0
142  1420000 1200.0
143  1430000 1550.0
144  1440000 1333.3
145  1450000 1216.7
146  1460000 1583.3
147  1470000 1900.0
148  1480000 2033.3
149  1490000 1966.7
150  1500000 1200.0
151  1510000 1833.3
152  1520000 1250.0
153  1530000 966.7
154  1540000 1433.3
155  1550000 1266.7
156  1560000 1100.0
157  1570000 1550.0
158  1580000 750.0
159  1590000 1383.3
160  1600000 1400.0
161  1610000 1800.0
162  1620000 933.3
163  1630000 1016.7
164  1640000 866.7
165  1650000 1416.7
166  1660000 1900.0
167  1670000 1800.0
168  1680000 1633.3
169  1690000 766.7
170  1700000 883.3
171  1710000 916.7
172  1720000 1350.0
173  1730000 1083.3
174  1740000 1283.3
175  1750000 1216.7
176  1760000 1783.3
177  1770000 1733.3
178  1780000 816.7
179  1790000 416.7
180  1800000 1416.7
181  1810000 1600.0
182  1820000 883.3
183  1830000 1916.7
184  1840000 1116.7
185  1850000 1850.0
186  1860000 1550.0
187  1870000 1016.7
188  1880000 1350.0
189  1890000 2150.0
190  1900000 883.3
191  1910000 1650.0
192  1920000 1133.3
193  1930000 1633.3
194  1940000 1116.7
195  1950000 1783.3
196  1960000 1533.3
197  1970000 916.7
198  1980000 1216.7
199  1990000 900.0
200  2000000 1450.0
201  2010000 1750.0
202  2020000 1250.0
203  2030000 1283.3
204  2040000 1983.3
205  2050000 1033.3
206  2060000 1450.0
207  2070000 916.7
208  2080000 1316.7
209  2090000 1183.3
210  2100000 1083.3
211  2110000 1400.0
212  2120000 1550.0
213  2130000 1350.0
214  2140000 1433.3
215  2150000 1600.0
216  2160000 1433.3
217  2170000 1233.3
218  2180000 1983.3
219  2190000 1266.7
220  2200000 2133.3
221  2210000 1083.3
222  2220000 1616.7
223  2230000 1350.0
224  2240000 1750.0
225  2250000 1333.3
226  2260000 983.3
227  2270000 1250.0
228  2280000 1500.0
229  2290000 666.7
230  2300000 1433.3
231  2310000 650.0
232  2320000 1700.0
233  2330000 983.3
234  2340000 1433.3
235  2350000 1333.3
236  2360000 1766.7
237  2370000 2283.3
238  2380000 1250.0
239  2390000 1500.0
240  2400000 1733.3
241  2410000 1516.7
242  2420000 1166.7
243  2430000 1766.7
244  2440000 1083.3
245  2450000 916.7
246  2460000 1733.3
247  2470000 1783.3
248  2480000 1683.3
249  2490000 2216.7
250  2500000 1516.7
251  2510000 1816.7
252  2520000 633.3
253  2530000 1716.7
254  2540000 1533.3
255  2550000 1633.3
256  2560000 1266.7
257  2570000 1333.3
258  2580000 1333.3
259  2590000 1600.0
260  2600000 833.3
261  2610000 1316.7
262  2620000 1700.0
263  2630000 650.0
264  2640000 1616.7
265  2650000 1233.3
266  2660000 1783.3
267  2670000 1283.3
268  2680000 1616.7
269  2690000 1683.3
270  2700000 1716.7
271  2710000 1566.7
272  2720000 2366.7
273  2730000 1400.0
274  2740000 1683.3
275  2750000 1500.0
276  2760000 1450.0
277  2770000 1566.7
278  2780000 1500.0
279  2790000 1716.7
280  2800000 1516.7
281  2810000 1933.3
282  2820000 1366.7
283  2830000 1283.3
284  2840000 983.3
285  2850000 1450.0
286  2860000 1983.3
287  2870000 1433.3
288  2880000 1866.7
289  2890000 800.0
290  2900000 2033.3
291  2910000 1066.7
292  2920000 1716.7
293  2930000 1183.3
294  2940000 1850.0
295  2950000 1816.7
296  2960000 2083.3
297  2970000 1966.7
298  2980000 1283.3
299  2990000 2200.0
300  3000000 1216.7
301  3010000 833.3
302  3020000 1883.3
303  3030000 1450.0
304  3040000 983.3
305  3050000 1500.0
306  3060000 916.7
307  3070000 1600.0
308  3080000 1700.0
309  3090000 916.7
310  3100000 1700.0
311  3110000 1866.7
312  3120000 1516.7
313  3130000 2050.0
314  3140000 1083.3
315  3150000 2583.3
316  3160000 2000.0
317  3170000 1733.3
318  3180000 2266.7
319  3190000 1633.3
320  3200000 2033.3
321  3210000 1716.7
322  3220000 1583.3
323  3230000 1316.7
324  3240000 1500.0
325  3250000 1483.3
326  3260000 1833.3
327  3270000 2100.0
328  3280000 850.0
329  3290000 2033.3
330  3300000 1750.0
331  3310000 1650.0
332  3320000 1416.7
333  3330000 1216.7
334  3340000 1216.7
335  3350000 1316.7
336  3360000 1883.3
337  3370000 1750.0
338  3380000 2266.7
339  3390000 1383.3
340  3400000 1550.0
341  3410000 1983.3
342  3420000 1116.7
343  3430000 1566.7
344  3440000 1050.0
345  3450000 1333.3
346  3460000 1183.3
347  3470000 1533.3
348  3480000 1450.0
349  3490000 1966.7
350  3500000 1016.7
351  3510000 2100.0
352  3520000 1133.3
353  3530000 1783.3
354  3540000 1750.0
355  3550000 1316.7
356  3560000 2316.7
357  3570000 1566.7
358  3580000 1433.3
359  3590000 1366.7
360  3600000 1466.7
361  3610000 1700.0
362  3620000 1316.7
363  3630000 1250.0
364  3640000 1766.7
365  3650000 1166.7
366  3660000 1650.0
367  3670000 1133.3
368  3680000 1516.7
369  3690000 1900.0
370  3700000 1100.0
371  3710000 1400.0
372  3720000 2283.3
373  3730000 1533.3
374  3740000 1800.0
375  3750000 1816.7
376  3760000 1233.3
377  3770000 1150.0
378  3780000 850.0
379  3790000 1800.0
380  3800000 1000.0
381  3810000 1500.0
382  3820000 1666.7
383  3830000 1833.3
384  3840000 1566.7
385  3850000 1833.3
386  3860000 2000.0
387  3870000 1533.3
388  3880000 1366.7
389  3890000 1550.0
390  3900000 1800.0
391  3910000 1150.0
392  3920000 1416.7
393  3930000 1816.7
394  3940000 1550.0
395  3950000 1716.7
396  3960000 1233.3
397  3970000 1716.7
398  3980000 1900.0
399  3990000 2383.3
400  4000000 1833.3
401  4010000 1483.3
402  4020000 1650.0
403  4030000 1083.3
404  4040000 1150.0
405  4050000 2066.7
406  4060000 1366.7
407  4070000 1133.3
408  4080000 483.3
409  4090000 1783.3
410  4100000 1850.0
411  4110000 1533.3
412  4120000 1233.3
413  4130000 1816.7
414  4140000 1133.3
415  4150000 950.0
416  4160000 1283.3
417  4170000 2066.7
418  4180000 1233.3
419  4190000 750.0
420  4200000 1300.0
421  4210000 1516.7
422  4220000 1100.0
423  4230000 1600.0
424  4240000 1383.3
425  4250000 1233.3
426  4260000 1216.7
427  4270000 1683.3
428  4280000 1600.0
429  4290000 1200.0
430  4300000 1666.7
431  4310000 1916.7
432  4320000 950.0
433  4330000 1416.7
434  4340000 2133.3
435  4350000 1783.3
436  4360000 1833.3
437  4370000 1150.0
438  4380000 1250.0
439  4390000 1316.7
440  4400000 1416.7
441  4410000 1583.3
442  4420000 2116.7
443  4430000 1833.3
444  4440000 1866.7
445  4450000 1966.7
446  4460000 700.0
447  4470000 1966.7
448  4480000 1766.7
449  4490000 1533.3
450  4500000 1400.0
451  4510000 1583.3
452  4520000 2166.7
453  4530000 2133.3
454  4540000 2016.7
455  4550000 1733.3
456  4560000 1350.0
457  4570000 1500.0
458  4580000 1566.7
459  4590000 1583.3
460  4600000 1333.3
461  4610000 2500.0
462  4620000 1883.3
463  4630000 1233.3
464  4640000 1650.0
465  4650000 1083.3
466  4660000 1166.7
467  4670000 1216.7
468  4680000 1583.3
469  4690000 2150.0
470  4700000 1000.0
471  4710000 2216.7
472  4720000 1116.7
473  4730000 2450.0
474  4740000 1766.7
475  4750000 1816.7
476  4760000 1800.0
477  4770000 1066.7
478  4780000 1283.3
479  4790000 1550.0
480  4800000 2300.0
481  4810000 1216.7
482  4820000 2083.3
483  4830000 2266.7
484  4840000 1066.7
485  4850000 2016.7
486  4860000 1816.7
487  4870000 1083.3
488  4880000 1516.7
489  4890000 1133.3
490  4900000 1866.7
491  4910000 1583.3
492  4920000 966.7
493  4930000 1783.3
494  4940000 1233.3
495  4950000 1683.3
496  4960000 1116.7
497  4970000 950.0
498  4980000 1016.7
499  4990000 483.3
