  0        0 300.0
  1    10000 450.0
  2    20000 100.0
  3    30000 183.3
  4    40000 233.3
  5    50000 216.7
  6    60000 216.7
  7    70000 383.3
  8    80000 283.3
  9    90000 200.0
 10   100000 416.7
 11   110000 150.0
 12   120000 333.3
 13   130000 283.3
 14   140000 316.7
 15   150000 216.7
 16   160000 200.0
 17   170000 500.0
 18   180000 150.0
 19   190000 266.7
 20   200000 250.0
 21   210000 500.0
 22   220000 666.7
 23   230000 366.7
 24   240000 533.3
 25   250000 300.0
 26   260000 383.3
 27   270000 516.7
 28   280000 783.3
 29   290000 416.7
 30   300000 500.0
 31   310000 400.0
 32   320000 466.7
 33   330000 233.3
 34   340000 133.3
 35   350000 200.0
 36   360000 416.7
 37   370000 683.3
 38   380000 300.0
 39   390000 266.7
 40   400000 650.0
 41   410000 683.3
 42   420000 550.0
 43   430000 283.3
 44   440000 800.0
 45   450000 450.0
 46   460000 800.0
 47   470000 566.7
 48   480000 650.0
 49   490000 766.7
 50   500000 866.7
 51   510000 800.0
 52   520000 933.3
 53   530000 683.3
 54   540000 750.0
 55   550000 633.3
 56   560000 383.3
 57   570000 766.7
 58   580000 833.3
 59   590000 500.0
 60   600000 566.7
 61   610000 583.3
 62   620000 1050.0
 63   630000 683.3
 64   640000 900.0
 65   650000 766.7
 66   660000 516.7
 67   670000 683.3
 68   680000 850.0
 69   690000 1100.0
 70   700000 1033.3
 71   710000 666.7
 72   720000 583.3
 73   730000 966.7
 74   740000 833.3
 75   750000 783.3
 76   760000 633.3
 77   770000 950.0
 78   780000 950.0
 79   790000 866.7
 80   800000 1116.7
 81   810000 1183.3
 82   820000 900.0
 83   830000 1016.7
 84   840000 983.3
 85   850000 1016.7
 86   860000 1733.3
 87   870000 1066.7
 88   880000 1450.0
 89   890000 1583.3
 90   900000 1516.7
 91   910000 1216.7
 92   920000 1433.3
 93   930000 1083.3
 94   940000 1666.7
 95   950000 683.3
 96   960000 1433.3
 97   970000 1383.3
 98   980000 1516.7
 99   990000 1483.3
100  1000000 1483.3
101  1010000 1883.3
102  1020000 1550.0
103  1030000 2016.7
104  1040000 1666.7
105  1050000 1633.3
106  1060000 1400.0
107  1070000 2083.3
108  1080000 1533.3
109  1090000 1733.3
110  1100000 1516.7
111  1110000 1950.0
112  1120000 983.3
113  1130000 1850.0
114  1140000 466.7
115  1150000 2183.3
116  1160000 1566.7
117  1170000 883.3
118  1180000 1600.0
119  1190000 1283.3
120  1200000 1033.3
121  1210000 1766.7
122  1220000 1750.0
123  1230000 1900.0
124  1240000 1583.3
125  1250000 1733.3
126  1260000 1466.7
127  1270000 1516.7
128  1280000 1916.7
129  1290000 2083.3
130  1300000 2033.3
131  1310000 1833.3
132  1320000 1500.0
133  1330000 1400.0
134  1340000 1533.3
135  1350000 1500.0
136  1360000 2266.7
137  1370000 2433.3
138  1380000 1483.3
139  1390000 2883.3
140  1400000 1833.3
141  1410000 2250.0
142  1420000 1700.0
143  1430000 766.7
144  1440000 2533.3
145  1450000 2116.7
146  1460000 1333.3
147  1470000 1783.3
148  1480000 733.3
149  1490000 1766.7
150  1500000 2083.3
151  1510000 1466.7
152  1520000 2150.0
153  1530000 2016.7
154  1540000 1233.3
155  1550000 1450.0
156  1560000 3016.7
157  1570000 1800.0
158  1580000 2333.3
159  1590000 2516.7
160  1600000 2550.0
161  1610000 1983.3
162  1620000 1933.3
163  1630000 2500.0
164  1640000 1533.3
165  1650000 1766.7
166  1660000 1450.0
167  1670000 1100.0
168  1680000 1333.3
169  1690000 1533.3
170  1700000 2233.3
171  1710000 1700.0
172  1720000 1150.0
173  1730000 1266.7
174  1740000 1283.3
175  1750000 2233.3
176  1760000 2016.7
177  1770000 2166.7
178  1780000 1466.7
179  1790000 1900.0
180  1800000 1466.7
181  1810000 2316.7
182  1820000 2066.7
183  1830000 2166.7
184  1840000 1883.3
185  1850000 2100.0
186  1860000 1916.7
187  1870000 1583.3
188  1880000 1833.3
189  1890000 1666.7
190  1900000 2300.0
191  1910000 1666.7
192  1920000 2016.7
193  1930000 2066.7
194  1940000 1866.7
195  1950000 1666.7
196  1960000 1800.0
197  1970000 1533.3
198  1980000 783.3
199  1990000 1333.3
200  2000000 1333.3
201  2010000 1483.3
202  2020000 1283.3
203  2030000 2366.7
204  2040000 1766.7
205  2050000 1783.3
206  2060000 2050.0
207  2070000 1666.7
208  2080000 2483.3
209  2090000 1766.7
210  2100000 983.3
211  2110000 1266.7
212  2120000 2050.0
213  2130000 1250.0
214  2140000 1666.7
215  2150000 1533.3
216  2160000 1866.7
217  2170000 1133.3
218  2180000 1533.3
219  2190000 1800.0
220  2200000 1733.3
221  2210000 1333.3
222  2220000 1583.3
223  2230000 1500.0
224  2240000 1650.0
225  2250000 1100.0
226  2260000 1016.7
227  2270000 1583.3
228  2280000 1183.3
229  2290000 1616.7
230  2300000 1666.7
231  2310000 1866.7
232  2320000 1833.3
233  2330000 2700.0
234  2340000 1666.7
235  2350000 1300.0
236  2360000 2033.3
237  2370000 2466.7
238  2380000 2783.3
239  2390000 2333.3
240  2400000 1833.3
241  2410000 2000.0
242  2420000 1483.3
243  2430000 1550.0
244  2440000 1700.0
245  2450000 1216.7
246  2460000 1850.0
247  2470000 1566.7
248  2480000 1650.0
249  2490000 1666.7
250  2500000 1183.3
251  2510000 1566.7
252  2520000 1750.0
253  2530000 1450.0
254  2540000 1200.0
255  2550000 1883.3
256  2560000 1483.3
257  2570000 1166.7
258  2580000 1266.7
259  2590000 1483.3
260  2600000 1983.3
261  2610000 1733.3
262  2620000 1216.7
263  2630000 600.0
264  2640000 1700.0
265  2650000 1000.0
266  2660000 1366.7
267  2670000 2083.3
268  2680000 1450.0
269  2690000 2700.0
270  2700000 1483.3
271  2710000 1500.0
272  2720000 1150.0
273  2730000 1516.7
274  2740000 866.7
275  2750000 1450.0
276  2760000 1300.0
277  2770000 1633.3
278  2780000 1966.7
279  2790000 1400.0
280  2800000 1566.7
281  2810000 1633.3
282  2820000 1216.7
283  2830000 1550.0
284  2840000 1483.3
285  2850000 1483.3
286  2860000 1783.3
287  2870000 1533.3
288  2880000 883.3
289  2890000 1550.0
290  2900000 1416.7
291  2910000 1183.3
292  2920000 1366.7
293  2930000 1300.0
294  2940000 1866.7
295  2950000 1383.3
296  2960000 1566.7
297  2970000 1633.3
298  2980000 1166.7
299  2990000 916.7
300  3000000 1800.0
301  3010000 1550.0
302  3020000 1800.0
303  3030000 1666.7
304  3040000 1883.3
305  3050000 1633.3
306  3060000 1216.7
307  3070000 1400.0
308  3080000 1466.7
309  3090000 1266.7
310  3100000 1100.0
311  3110000 1483.3
312  3120000 1650.0
313  3130000 783.3
314  3140000 2150.0
315  3150000 2133.3
316  3160000 950.0
317  3170000 1400.0
318  3180000 1500.0
319  3190000 1566.7
320  3200000 1250.0
321  3210000 1683.3
322  3220000 1900.0
323  3230000 2066.7
324  3240000 1600.0
325  3250000 2650.0
326  3260000 1433.3
327  3270000 1683.3
328  3280000 1833.3
329  3290000 1033.3
330  3300000 1683.3
331  3310000 2016.7
332  3320000 1200.0
333  3330000 1883.3
334  3340000 2066.7
335  3350000 2200.0
336  3360000 2000.0
337  3370000 1050.0
338  3380000 1733.3
339  3390000 1800.0
340  3400000 1116.7
341  3410000 1933.3
342  3420000 1033.3
343  3430000 2483.3
344  3440000 1966.7
345  3450000 1633.3
346  3460000 983.3
347  3470000 2133.3
348  3480000 1450.0
349  3490000 1200.0
350  3500000 1300.0
351  3510000 1566.7
352  3520000 1816.7
353  3530000 1033.3
354  3540000 1250.0
355  3550000 1366.7
356  3560000 1350.0
357  3570000 2600.0
358  3580000 1366.7
359  3590000 1316.7
360  3600000 1566.7
361  3610000 2250.0
362  3620000 1350.0
363  3630000 1016.7
364  3640000 1750.0
365  3650000 1600.0
366  3660000 1333.3
367  3670000 2350.0
368  3680000 1050.0
369  3690000 1416.7
370  3700000 1200.0
371  3710000 2316.7
372  3720000 1400.0
373  3730000 1133.3
374  3740000 1433.3
375  3750000 916.7
376  3760000 1166.7
377  3770000 1266.7
378  3780000 816.7
379  3790000 1500.0
380  3800000 1466.7
381  3810000 2016.7
382  3820000 1566.7
383  3830000 2700.0
384  3840000 1683.3
385  3850000 1400.0
386  3860000 1133.3
387  3870000 1133.3
388  3880000 2383.3
389  3890000 1500.0
390  3900000 2133.3
391  3910000 1600.0
392  3920000 2366.7
393  3930000 2316.7
394  3940000 2683.3
395  3950000 1950.0
396  3960000 1866.7
397  3970000 1733.3
398  3980000 966.7
399  3990000 2066.7
400  4000000 1716.7
401  4010000 1933.3
402  4020000 1716.7
403  4030000 2283.3
404  4040000 1516.7
405  4050000 1883.3
406  4060000 1683.3
407  4070000 1683.3
408  4080000 1683.3
409  4090000 1116.7
410  4100000 1866.7
411  4110000 1516.7
412  4120000 2783.3
413  4130000 2300.0
414  4140000 1450.0
415  4150000 1750.0
416  4160000 666.7
417  4170000 2083.3
418  4180000 2600.0
419  4190000 1216.7
420  4200000 1966.7
421  4210000 1350.0
422  4220000 2000.0
423  4230000 1516.7
424  4240000 2566.7
425  4250000 1833.3
426  4260000 2600.0
427  4270000 2066.7
428  4280000 1783.3
429  4290000 1916.7
430  4300000 1583.3
431  4310000 1983.3
432  4320000 2516.7
433  4330000 1683.3
434  4340000 1083.3
435  4350000 1433.3
436  4360000 1033.3
437  4370000 1800.0
438  4380000 1100.0
439  4390000 1016.7
440  4400000 1500.0
441  4410000 2333.3
442  4420000 1400.0
443  4430000 1433.3
444  4440000 1233.3
445  4450000 1666.7
446  4460000 2416.7
447  4470000 1133.3
448  4480000 2083.3
449  4490000 2283.3
450  4500000 1566.7
451  4510000 916.7
452  4520000 1583.3
453  4530000 1166.7
454  4540000 1700.0
455  4550000 2083.3
456  4560000 1766.7
457  4570000 1516.7
458  4580000 1250.0
459  4590000 1800.0
460  4600000 1700.0
461  4610000 2300.0
462  4620000 983.3
463  4630000 1600.0
464  4640000 1183.3
465  4650000 1583.3
466  4660000 1716.7
467  4670000 1333.3
468  4680000 1316.7
469  4690000 2000.0
470  4700000 1300.0
471  4710000 1016.7
472  4720000 1500.0
473  4730000 1116.7
474  4740000 1583.3
475  4750000 1800.0
476  4760000 1216.7
477  4770000 1400.0
478  4780000 1100.0
479  4790000 1733.3
480  4800000 1183.3
481  4810000 1666.7
482  4820000 1833.3
483  4830000 1266.7
484  4840000 1500.0
485  4850000 1166.7
486  4860000 1600.0
487  4870000 1383.3
488  4880000 900.0
489  4890000 1216.7
490  4900000 916.7
491  4910000 1866.7
492  4920000 1450.0
493  4930000 1850.0
494  4940000 1783.3
495  4950000 1133.3
496  4960000 2366.7
497  4970000 1750.0
498  4980000 1233.3
499  4990000 1466.7
