  0        0 300.0
  1    10000 433.3
  2    20000 333.3
  3    30000 333.3
  4    40000 250.0
  5    50000 433.3
  6    60000 316.7
  7    70000 333.3
  8    80000 300.0
  9    90000 183.3
 10   100000 150.0
 11   110000 466.7
 12   120000 133.3
 13   130000 466.7
 14   140000 166.7
 15   150000 316.7
 16   160000 400.0
 17   170000 300.0
 18   180000 216.7
 19   190000 166.7
 20   200000 233.3
 21   210000 283.3
 22   220000 366.7
 23   230000 216.7
 24   240000 283.3
 25   250000 150.0
 26   260000 166.7
 27   270000 266.7
 28   280000 266.7
 29   290000 166.7
 30   300000 233.3
 31   310000 200.0
 32   320000 400.0
 33   330000 116.7
 34   340000 183.3
 35   350000 166.7
 36   360000 233.3
 37   370000 333.3
 38   380000 316.7
 39   390000 333.3
 40   400000 233.3
 41   410000 416.7
 42   420000 366.7
 43   430000 650.0
 44   440000 166.7
 45   450000 416.7
 46   460000 116.7
 47   470000 166.7
 48   480000 650.0
 49   490000 266.7
 50   500000 150.0
 51   510000 266.7
 52   520000 166.7
 53   530000 200.0
 54   540000 283.3
 55   550000 383.3
 56   560000 366.7
 57   570000 366.7
 58   580000 533.3
 59   590000 316.7
 60   600000 183.3
 61   610000 266.7
 62   620000 266.7
 63   630000 283.3
 64   640000 400.0
 65   650000 233.3
 66   660000 233.3
 67   670000 200.0
 68   680000 266.7
 69   690000 316.7
 70   700000 483.3
 71   710000 183.3
 72   720000 266.7
 73   730000 333.3
 74   740000 350.0
 75   750000 150.0
 76   760000 416.7
 77   770000 283.3
 78   780000 316.7
 79   790000 600.0
 80   800000 633.3
 81   810000 233.3
 82   820000 433.3
 83   830000 616.7
 84   840000 300.0
 85   850000 333.3
 86   860000 333.3
 87   870000 566.7
 88   880000 350.0
 89   890000 366.7
 90   900000 633.3
 91   910000 533.3
 92   920000 716.7
 93   930000 616.7
 94   940000 350.0
 95   950000 283.3
 96   960000 233.3
 97   970000 316.7
 98   980000 400.0
 99   990000 283.3
100  1000000 500.0
101  1010000 416.7
102  1020000 533.3
103  1030000 583.3
104  1040000 316.7
105  1050000 333.3
106  1060000 433.3
107  1070000 816.7
108  1080000 700.0
109  1090000 516.7
110  1100000 716.7
111  1110000 450.0
112  1120000 416.7
113  1130000 650.0
114  1140000 716.7
115  1150000 350.0
116  1160000 616.7
117  1170000 300.0
118  1180000 316.7
119  1190000 533.3
120  1200000 683.3
121  1210000 450.0
122  1220000 433.3
123  1230000 633.3
124  1240000 366.7
125  1250000 500.0
126  1260000 333.3
127  1270000 516.7
128  1280000 900.0
129  1290000 533.3
130  1300000 483.3
131  1310000 566.7
132  1320000 700.0
133  1330000 533.3
134  1340000 783.3
135  1350000 483.3
136  1360000 450.0
137  1370000 333.3
138  1380000 783.3
139  1390000 533.3
140  1400000 533.3
141  1410000 333.3
142  1420000 816.7
143  1430000 733.3
144  1440000 850.0
145  1450000 750.0
146  1460000 533.3
147  1470000 416.7
148  1480000 166.7
149  1490000 633.3
150  1500000 366.7
151  1510000 533.3
152  1520000 600.0
153  1530000 683.3
154  1540000 733.3
155  1550000 516.7
156  1560000 733.3
157  1570000 466.7
158  1580000 466.7
159  1590000 583.3
160  1600000 616.7
161  1610000 450.0
162  1620000 716.7
163  1630000 266.7
164  1640000 550.0
165  1650000 600.0
166  1660000 766.7
167  1670000 800.0
168  1680000 816.7
169  1690000 433.3
170  1700000 533.3
171  1710000 566.7
172  1720000 800.0
173  1730000 650.0
174  1740000 450.0
175  1750000 666.7
176  1760000 516.7
177  1770000 950.0
178  1780000 400.0
179  1790000 266.7
180  1800000 500.0
181  1810000 300.0
182  1820000 616.7
183  1830000 583.3
184  1840000 383.3
185  1850000 550.0
186  1860000 533.3
187  1870000 700.0
188  1880000 483.3
189  1890000 450.0
190  1900000 433.3
191  1910000 533.3
192  1920000 316.7
193  1930000 400.0
194  1940000 650.0
195  1950000 600.0
196  1960000 850.0
197  1970000 583.3
198  1980000 616.7
199  1990000 683.3
200  2000000 700.0
201  2010000 450.0
202  2020000 616.7
203  2030000 800.0
204  2040000 766.7
205  2050000 433.3
206  2060000 1033.3
207  2070000 600.0
208  2080000 633.3
209  2090000 583.3
210  2100000 683.3
211  2110000 433.3
212  2120000 500.0
213  2130000 750.0
214  2140000 533.3
215  2150000 816.7
216  2160000 466.7
217  2170000 683.3
218  2180000 433.3
219  2190000 633.3
220  2200000 650.0
221  2210000 550.0
222  2220000 466.7
223  2230000 566.7
224  2240000 766.7
225  2250000 316.7
226  2260000 550.0
227  2270000 650.0
228  2280000 316.7
229  2290000 716.7
230  2300000 516.7
231  2310000 600.0
232  2320000 400.0
233  2330000 466.7
234  2340000 733.3
235  2350000 500.0
236  2360000 500.0
237  2370000 366.7
238  2380000 600.0
239  2390000 700.0
240  2400000 833.3
241  2410000 433.3
242  2420000 466.7
243  2430000 700.0
244  2440000 450.0
245  2450000 450.0
246  2460000 566.7
247  2470000 550.0
248  2480000 633.3
249  2490000 400.0
250  2500000 850.0
251  2510000 550.0
252  2520000 616.7
253  2530000 700.0
254  2540000 500.0
255  2550000 600.0
256  2560000 450.0
257  2570000 400.0
258  2580000 1033.3
259  2590000 350.0
260  2600000 783.3
261  2610000 616.7
262  2620000 666.7
263  2630000 883.3
264  2640000 383.3
265  2650000 533.3
266  2660000 600.0
267  2670000 783.3
268  2680000 533.3
269  2690000 666.7
270  2700000 533.3
271  2710000 600.0
272  2720000 416.7
273  2730000 433.3
274  2740000 483.3
275  2750000 583.3
276  2760000 450.0
277  2770000 650.0
278  2780000 616.7
279  2790000 466.7
280  2800000 516.7
281  2810000 483.3
282  2820000 683.3
283  2830000 583.3
284  2840000 533.3
285  2850000 366.7
286  2860000 633.3
287  2870000 666.7
288  2880000 583.3
289  2890000 550.0
290  2900000 800.0
291  2910000 450.0
292  2920000 616.7
293  2930000 500.0
294  2940000 400.0
295  2950000 683.3
296  2960000 533.3
297  2970000 500.0
298  2980000 483.3
299  2990000 883.3
300  3000000 616.7
301  3010000 483.3
302  3020000 433.3
303  3030000 816.7
304  3040000 633.3
305  3050000 516.7
306  3060000 600.0
307  3070000 466.7
308  3080000 600.0
309  3090000 650.0
310  3100000 400.0
311  3110000 733.3
312  3120000 616.7
313  3130000 583.3
314  3140000 683.3
315  3150000 483.3
316  3160000 466.7
317  3170000 650.0
318  3180000 500.0
319  3190000 450.0
320  3200000 450.0
321  3210000 533.3
322  3220000 400.0
323  3230000 500.0
324  3240000 683.3
325  3250000 616.7
326  3260000 466.7
327  3270000 750.0
328  3280000 483.3
329  3290000 666.7
330  3300000 616.7
331  3310000 533.3
332  3320000 650.0
333  3330000 700.0
334  3340000 616.7
335  3350000 616.7
336  3360000 633.3
337  3370000 750.0
338  3380000 316.7
339  3390000 400.0
340  3400000 500.0
341  3410000 800.0
342  3420000 650.0
343  3430000 566.7
344  3440000 433.3
345  3450000 683.3
346  3460000 450.0
347  3470000 483.3
348  3480000 500.0
349  3490000 550.0
350  3500000 550.0
351  3510000 566.7
352  3520000 916.7
353  3530000 500.0
354  3540000 383.3
355  3550000 666.7
356  3560000 750.0
357  3570000 566.7
358  3580000 616.7
359  3590000 600.0
360  3600000 616.7
361  3610000 566.7
362  3620000 650.0
363  3630000 650.0
364  3640000 466.7
365  3650000 716.7
366  3660000 516.7
367  3670000 633.3
368  3680000 550.0
369  3690000 650.0
370  3700000 483.3
371  3710000 616.7
372  3720000 633.3
373  3730000 616.7
374  3740000 533.3
375  3750000 650.0
376  3760000 533.3
377  3770000 816.7
378  3780000 516.7
379  3790000 650.0
380  3800000 633.3
381  3810000 766.7
382  3820000 800.0
383  3830000 600.0
384  3840000 600.0
385  3850000 750.0
386  3860000 616.7
387  3870000 650.0
388  3880000 466.7
389  3890000 633.3
390  3900000 616.7
391  3910000 433.3
392  3920000 700.0
393  3930000 733.3
394  3940000 650.0
395  3950000 433.3
396  3960000 433.3
397  3970000 533.3
398  3980000 700.0
399  3990000 566.7
400  4000000 366.7
401  4010000 733.3
402  4020000 716.7
403  4030000 450.0
404  4040000 500.0
405  4050000 566.7
406  4060000 766.7
407  4070000 516.7
408  4080000 450.0
409  4090000 700.0
410  4100000 483.3
411  4110000 1033.3
412  4120000 550.0
413  4130000 783.3
414  4140000 533.3
415  4150000 516.7
416  4160000 400.0
417  4170000 600.0
418  4180000 516.7
419  4190000 466.7
420  4200000 616.7
421  4210000 700.0
422  4220000 750.0
423  4230000 483.3
424  4240000 516.7
425  4250000 400.0
426  4260000 566.7
427  4270000 450.0
428  4280000 550.0
429  4290000 733.3
430  4300000 416.7
431  4310000 433.3
432  4320000 450.0
433  4330000 716.7
434  4340000 533.3
435  4350000 683.3
436  4360000 583.3
437  4370000 516.7
438  4380000 533.3
439  4390000 533.3
440  4400000 700.0
441  4410000 866.7
442  4420000 483.3
443  4430000 800.0
444  4440000 800.0
445  4450000 566.7
446  4460000 600.0
447  4470000 650.0
448  4480000 533.3
449  4490000 766.7
450  4500000 650.0
451  4510000 850.0
452  4520000 633.3
453  4530000 650.0
454  4540000 583.3
455  4550000 533.3
456  4560000 533.3
457  4570000 583.3
458  4580000 633.3
459  4590000 516.7
460  4600000 633.3
461  4610000 533.3
462  4620000 533.3
463  4630000 616.7
464  4640000 466.7
465  4650000 716.7
466  4660000 583.3
467  4670000 516.7
468  4680000 550.0
469  4690000 616.7
470  4700000 533.3
471  4710000 533.3
472  4720000 833.3
473  4730000 616.7
474  4740000 783.3
475  4750000 500.0
476  4760000 733.3
477  4770000 600.0
478  4780000 716.7
479  4790000 533.3
480  4800000 733.3
481  4810000 750.0
482  4820000 700.0
483  4830000 466.7
484  4840000 950.0
485  4850000 566.7
486  4860000 500.0
487  4870000 483.3
488  4880000 750.0
489  4890000 533.3
490  4900000 616.7
491  4910000 416.7
492  4920000 516.7
493  4930000 733.3
494  4940000 783.3
495  4950000 400.0
496  4960000 566.7
497  4970000 633.3
498  4980000 600.0
499  4990000 766.7
