  0        0 116.7
  1    10000 216.7
  2    20000 116.7
  3    30000 166.7
  4    40000 183.3
  5    50000 150.0
  6    60000 233.3
  7    70000 283.3
  8    80000 216.7
  9    90000 233.3
 10   100000 433.3
 11   110000 233.3
 12   120000 183.3
 13   130000 216.7
 14   140000 450.0
 15   150000 383.3
 16   160000 516.7
 17   170000 283.3
 18   180000 300.0
 19   190000 166.7
 20   200000 350.0
 21   210000 433.3
 22   220000 133.3
 23   230000 366.7
 24   240000 250.0
 25   250000 416.7
 26   260000 450.0
 27   270000 133.3
 28   280000 133.3
 29   290000 266.7
 30   300000 300.0
 31   310000 533.3
 32   320000 800.0
 33   330000 333.3
 34   340000 200.0
 35   350000 150.0
 36   360000 200.0
 37   370000 350.0
 38   380000 133.3
 39   390000 200.0
 40   400000 383.3
 41   410000 300.0
 42   420000 333.3
 43   430000 283.3
 44   440000 216.7
 45   450000 283.3
 46   460000 350.0
 47   470000 283.3
 48   480000 466.7
 49   490000 383.3
 50   500000 316.7
 51   510000 383.3
 52   520000 300.0
 53   530000 533.3
 54   540000 366.7
 55   550000 533.3
 56   560000 316.7
 57   570000 566.7
 58   580000 333.3
 59   590000 233.3
 60   600000 466.7
 61   610000 433.3
 62   620000 450.0
 63   630000 316.7
 64   640000 366.7
 65   650000 400.0
 66   660000 316.7
 67   670000 566.7
 68   680000 350.0
 69   690000 283.3
 70   700000 483.3
 71   710000 183.3
 72   720000 433.3
 73   730000 383.3
 74   740000 583.3
 75   750000 333.3
 76   760000 383.3
 77   770000 500.0
 78   780000 800.0
 79   790000 466.7
 80   800000 466.7
 81   810000 416.7
 82   820000 500.0
 83   830000 400.0
 84   840000 566.7
 85   850000 400.0
 86   860000 583.3
 87   870000 416.7
 88   880000 283.3
 89   890000 416.7
 90   900000 333.3
 91   910000 300.0
 92   920000 816.7
 93   930000 416.7
 94   940000 300.0
 95   950000 433.3
 96   960000 450.0
 97   970000 450.0
 98   980000 433.3
 99   990000 450.0
100  1000000 300.0
101  1010000 433.3
102  1020000 416.7
103  1030000 416.7
104  1040000 483.3
105  1050000 533.3
106  1060000 316.7
107  1070000 266.7
108  1080000 833.3
109  1090000 466.7
110  1100000 733.3
111  1110000 683.3
112  1120000 450.0
113  1130000 450.0
114  1140000 400.0
115  1150000 700.0
116  1160000 466.7
117  1170000 366.7
118  1180000 316.7
119  1190000 533.3
120  1200000 400.0
121  1210000 916.7
122  1220000 366.7
123  1230000 783.3
124  1240000 800.0
125  1250000 916.7
126  1260000 533.3
127  1270000 500.0
128  1280000 450.0
129  1290000 800.0
130  1300000 833.3
131  1310000 366.7
132  1320000 716.7
133  1330000 416.7
134  1340000 616.7
135  1350000 550.0
136  1360000 866.7
137  1370000 533.3
138  1380000 316.7
139  1390000 500.0
140  1400000 333.3
141  1410000 650.0
142  1420000 333.3
143  1430000 433.3
144  1440000 300.0
145  1450000 483.3
146  1460000 466.7
147  1470000 616.7
148  1480000 633.3
149  1490000 750.0
150  1500000 1316.7
151  1510000 666.7
152  1520000 600.0
153  1530000 750.0
154  1540000 500.0
155  1550000 366.7
156  1560000 566.7
157  1570000 416.7
158  1580000 500.0
159  1590000 383.3
160  1600000 483.3
161  1610000 366.7
162  1620000 416.7
163  1630000 550.0
164  1640000 433.3
165  1650000 500.0
166  1660000 550.0
167  1670000 650.0
168  1680000 683.3
169  1690000 350.0
170  1700000 550.0
171  1710000 633.3
172  1720000 500.0
173  1730000 833.3
174  1740000 833.3
175  1750000 416.7
176  1760000 883.3
177  1770000 683.3
178  1780000 600.0
179  1790000 433.3
180  1800000 700.0
181  1810000 900.0
182  1820000 600.0
183  1830000 483.3
184  1840000 400.0
185  1850000 766.7
186  1860000 1033.3
187  1870000 450.0
188  1880000 516.7
189  1890000 633.3
190  1900000 383.3
191  1910000 500.0
192  1920000 1116.7
193  1930000 650.0
194  1940000 416.7
195  1950000 783.3
196  1960000 533.3
197  1970000 700.0
198  1980000 533.3
199  1990000 883.3
200  2000000 683.3
201  2010000 866.7
202  2020000 983.3
203  2030000 416.7
204  2040000 866.7
205  2050000 933.3
206  2060000 466.7
207  2070000 616.7
208  2080000 600.0
209  2090000 866.7
210  2100000 850.0
211  2110000 1033.3
212  2120000 1133.3
213  2130000 1000.0
214  2140000 516.7
215  2150000 616.7
216  2160000 683.3
217  2170000 566.7
218  2180000 666.7
219  2190000 683.3
220  2200000 1033.3
221  2210000 466.7
222  2220000 600.0
223  2230000 733.3
224  2240000 566.7
225  2250000 500.0
226  2260000 766.7
227  2270000 550.0
228  2280000 550.0
229  2290000 566.7
230  2300000 583.3
231  2310000 583.3
232  2320000 833.3
233  2330000 783.3
234  2340000 516.7
235  2350000 383.3
236  2360000 583.3
237  2370000 750.0
238  2380000 483.3
239  2390000 566.7
240  2400000 800.0
241  2410000 683.3
242  2420000 800.0
243  2430000 783.3
244  2440000 933.3
245  2450000 1166.7
246  2460000 683.3
247  2470000 683.3
248  2480000 600.0
249  2490000 666.7
250  2500000 833.3
251  2510000 566.7
252  2520000 450.0
253  2530000 983.3
254  2540000 1366.7
255  2550000 600.0
256  2560000 566.7
257  2570000 516.7
258  2580000 1000.0
259  2590000 1216.7
260  2600000 566.7
261  2610000 450.0
262  2620000 1266.7
263  2630000 1116.7
264  2640000 1266.7
265  2650000 533.3
266  2660000 1283.3
267  2670000 1516.7
268  2680000 1300.0
269  2690000 600.0
270  2700000 983.3
271  2710000 516.7
272  2720000 866.7
273  2730000 1066.7
274  2740000 783.3
275  2750000 1066.7
276  2760000 1566.7
277  2770000 1500.0
278  2780000 800.0
279  2790000 550.0
280  2800000 800.0
281  2810000 1400.0
282  2820000 1100.0
283  2830000 566.7
284  2840000 1283.3
285  2850000 1233.3
286  2860000 1133.3
287  2870000 533.3
288  2880000 1416.7
289  2890000 566.7
290  2900000 916.7
291  2910000 1800.0
292  2920000 516.7
293  2930000 1683.3
294  2940000 1400.0
295  2950000 1283.3
296  2960000 800.0
297  2970000 1483.3
298  2980000 966.7
299  2990000 1066.7
300  3000000 2166.7
301  3010000 1016.7
302  3020000 1133.3
303  3030000 1116.7
304  3040000 783.3
305  3050000 1200.0
306  3060000 1250.0
307  3070000 1900.0
308  3080000 1350.0
309  3090000 1300.0
310  3100000 1000.0
311  3110000 1233.3
312  3120000 1466.7
313  3130000 1033.3
314  3140000 1050.0
315  3150000 1183.3
316  3160000 1300.0
317  3170000 1400.0
318  3180000 1716.7
319  3190000 2050.0
320  3200000 1016.7
321  3210000 1450.0
322  3220000 933.3
323  3230000 1266.7
324  3240000 933.3
325  3250000 1033.3
326  3260000 1566.7
327  3270000 1150.0
328  3280000 1500.0
329  3290000 1566.7
330  3300000 1500.0
331  3310000 1633.3
332  3320000 1100.0
333  3330000 1533.3
334  3340000 1183.3
335  3350000 783.3
336  3360000 1616.7
337  3370000 1866.7
338  3380000 1383.3
339  3390000 1866.7
340  3400000 1116.7
341  3410000 1600.0
342  3420000 1083.3
343  3430000 1250.0
344  3440000 1633.3
345  3450000 1600.0
346  3460000 1683.3
347  3470000 1566.7
348  3480000 1800.0
349  3490000 1900.0
350  3500000 616.7
351  3510000 1450.0
352  3520000 1616.7
353  3530000 1266.7
354  3540000 1700.0
355  3550000 1366.7
356  3560000 1200.0
357  3570000 833.3
358  3580000 1416.7
359  3590000 1316.7
360  3600000 1216.7
361  3610000 1083.3
362  3620000 1283.3
363  3630000 783.3
364  3640000 1416.7
365  3650000 1933.3
366  3660000 1266.7
367  3670000 1533.3
368  3680000 1950.0
369  3690000 1433.3
370  3700000 1700.0
371  3710000 1550.0
372  3720000 1100.0
373  3730000 1600.0
374  3740000 1450.0
375  3750000 1066.7
376  3760000 1883.3
377  3770000 1233.3
378  3780000 550.0
379  3790000 1583.3
380  3800000 1300.0
381  3810000 2000.0
382  3820000 1216.7
383  3830000 2450.0
384  3840000 1866.7
385  3850000 1583.3
386  3860000 2366.7
387  3870000 1916.7
388  3880000 2166.7
389  3890000 1166.7
390  3900000 1516.7
391  3910000 866.7
392  3920000 1600.0
393  3930000 1300.0
394  3940000 1650.0
395  3950000 1583.3
396  3960000 1283.3
397  3970000 1383.3
398  3980000 1050.0
399  3990000 1466.7
400  4000000 1233.3
401  4010000 1150.0
402  4020000 1200.0
403  4030000 1566.7
404  4040000 2350.0
405  4050000 2216.7
406  4060000 1333.3
407  4070000 1083.3
408  4080000 1650.0
409  4090000 1650.0
410  4100000 1033.3
411  4110000 1800.0
412  4120000 1050.0
413  4130000 2083.3
414  4140000 1533.3
415  4150000 2116.7
416  4160000 1266.7
417  4170000 1750.0
418  4180000 2500.0
419  4190000 1116.7
420  4200000 1550.0
421  4210000 1700.0
422  4220000 1916.7
423  4230000 1600.0
424  4240000 1666.7
425  4250000 1966.7
426  4260000 1933.3
427  4270000 1350.0
428  4280000 2083.3
429  4290000 2000.0
430  4300000 2016.7
431  4310000 1616.7
432  4320000 1333.3
433  4330000 2033.3
434  4340000 1883.3
435  4350000 1650.0
436  4360000 1066.7
437  4370000 1300.0
438  4380000 2066.7
439  4390000 1266.7
440  4400000 1566.7
441  4410000 1866.7
442  4420000 2283.3
443  4430000 1450.0
444  4440000 2083.3
445  4450000 2350.0
446  4460000 1416.7
447  4470000 1666.7
448  4480000 1683.3
449  4490000 1033.3
450  4500000 1666.7
451  4510000 1900.0
452  4520000 2000.0
453  4530000 2466.7
454  4540000 1150.0
455  4550000 2383.3
456  4560000 2250.0
457  4570000 2283.3
458  4580000 1600.0
459  4590000 700.0
460  4600000 1366.7
461  4610000 2283.3
462  4620000 1833.3
463  4630000 1883.3
464  4640000 2200.0
465  4650000 2716.7
466  4660000 1933.3
467  4670000 1566.7
468  4680000 2050.0
469  4690000 1500.0
470  4700000 2183.3
471  4710000 1733.3
472  4720000 2266.7
473  4730000 1033.3
474  4740000 1150.0
475  4750000 1733.3
476  4760000 1150.0
477  4770000 2083.3
478  4780000 2683.3
479  4790000 1016.7
480  4800000 2016.7
481  4810000 1633.3
482  4820000 2150.0
483  4830000 2650.0
484  4840000 2366.7
485  4850000 1750.0
486  4860000 1716.7
487  4870000 1500.0
488  4880000 1800.0
489  4890000 2366.7
490  4900000 2233.3
491  4910000 1466.7
492  4920000 1883.3
493  4930000 1350.0
494  4940000 1583.3
495  4950000 1716.7
496  4960000 2416.7
497  4970000 1850.0
498  4980000 1833.3
499  4990000 2716.7
