  0        0 200.0
  1    10000 216.7
  2    20000 250.0
  3    30000 250.0
  4    40000 150.0
  5    50000 283.3
  6    60000 316.7
  7    70000 283.3
  8    80000 183.3
  9    90000 266.7
 10   100000 250.0
 11   110000 366.7
 12   120000 233.3
 13   130000 316.7
 14   140000 450.0
 15   150000 216.7
 16   160000 250.0
 17   170000 283.3
 18   180000 216.7
 19   190000 233.3
 20   200000 283.3
 21   210000 233.3
 22   220000 366.7
 23   230000 566.7
 24   240000 400.0
 25   250000 233.3
 26   260000 516.7
 27   270000 283.3
 28   280000 183.3
 29   290000 200.0
 30   300000 416.7
 31   310000 500.0
 32   320000 300.0
 33   330000 150.0
 34   340000 366.7
 35   350000 266.7
 36   360000 450.0
 37   370000 500.0
 38   380000 366.7
 39   390000 366.7
 40   400000 400.0
 41   410000 466.7
 42   420000 283.3
 43   430000 333.3
 44   440000 333.3
 45   450000 500.0
 46   460000 350.0
 47   470000 583.3
 48   480000 283.3
 49   490000 566.7
 50   500000 383.3
 51   510000 583.3
 52   520000 433.3
 53   530000 483.3
 54   540000 266.7
 55   550000 483.3
 56   560000 383.3
 57   570000 266.7
 58   580000 400.0
 59   590000 433.3
 60   600000 566.7
 61   610000 600.0
 62   620000 316.7
 63   630000 450.0
 64   640000 450.0
 65   650000 650.0
 66   660000 583.3
 67   670000 616.7
 68   680000 616.7
 69   690000 500.0
 70   700000 516.7
 71   710000 616.7
 72   720000 383.3
 73   730000 633.3
 74   740000 666.7
 75   750000 750.0
 76   760000 566.7
 77   770000 283.3
 78   780000 533.3
 79   790000 650.0
 80   800000 466.7
 81   810000 600.0
 82   820000 516.7
 83   830000 466.7
 84   840000 750.0
 85   850000 483.3
 86   860000 700.0
 87   870000 533.3
 88   880000 733.3
 89   890000 516.7
 90   900000 366.7
 91   910000 633.3
 92   920000 716.7
 93   930000 1216.7
 94   940000 416.7
 95   950000 683.3
 96   960000 616.7
 97   970000 783.3
 98   980000 783.3
 99   990000 700.0
100  1000000 716.7
101  1010000 633.3
102  1020000 933.3
103  1030000 550.0
104  1040000 700.0
105  1050000 500.0
106  1060000 966.7
107  1070000 516.7
108  1080000 950.0
109  1090000 1066.7
110  1100000 816.7
111  1110000 1150.0
112  1120000 1083.3
113  1130000 1283.3
114  1140000 1033.3
115  1150000 1316.7
116  1160000 1483.3
117  1170000 1050.0
118  1180000 1000.0
119  1190000 1266.7
120  1200000 1166.7
121  1210000 766.7
122  1220000 1250.0
123  1230000 1316.7
124  1240000 983.3
125  1250000 1166.7
126  1260000 1316.7
127  1270000 1150.0
128  1280000 750.0
129  1290000 1633.3
130  1300000 966.7
131  1310000 1050.0
132  1320000 1300.0
133  1330000 883.3
134  1340000 733.3
135  1350000 1366.7
136  1360000 1583.3
137  1370000 1433.3
138  1380000 1533.3
139  1390000 1316.7
140  1400000 1183.3
141  1410000 1116.7
142  1420000 1150.0
143  1430000 900.0
144  1440000 1250.0
145  1450000 1166.7
146  1460000 1066.7
147  1470000 1616.7
148  1480000 816.7
149  1490000 1133.3
150  1500000 1650.0
151  1510000 1600.0
152  1520000 1583.3
153  1530000 1466.7
154  1540000 1750.0
155  1550000 1266.7
156  1560000 1283.3
157  1570000 1616.7
158  1580000 1233.3
159  1590000 2066.7
160  1600000 1916.7
161  1610000 1483.3
162  1620000 1150.0
163  1630000 1150.0
164  1640000 1533.3
165  1650000 1716.7
166  1660000 1350.0
167  1670000 1300.0
168  1680000 1200.0
169  1690000 1833.3
170  1700000 2083.3
171  1710000 1216.7
172  1720000 1216.7
173  1730000 1166.7
174  1740000 1500.0
175  1750000 1700.0
176  1760000 1366.7
177  1770000 1366.7
178  1780000 1666.7
179  1790000 1833.3
180  1800000 1166.7
181  1810000 883.3
182  1820000 1616.7
183  1830000 1750.0
184  1840000 1333.3
185  1850000 1583.3
186  1860000 1150.0
187  1870000 1600.0
188  1880000 1216.7
189  1890000 1016.7
190  1900000 1016.7
191  1910000 1966.7
192  1920000 1150.0
193  1930000 1533.3
194  1940000 1716.7
195  1950000 1650.0
196  1960000 1216.7
197  1970000 1400.0
198  1980000 1466.7
199  1990000 1583.3
200  2000000 1033.3
201  2010000 2283.3
202  2020000 1466.7
203  2030000 1500.0
204  2040000 1333.3
205  2050000 1766.7
206  2060000 1683.3
207  2070000 683.3
208  2080000 2033.3
209  2090000 1600.0
210  2100000 1450.0
211  2110000 1966.7
212  2120000 1266.7
213  2130000 1933.3
214  2140000 1900.0
215  2150000 2033.3
216  2160000 1533.3
217  2170000 2350.0
218  2180000 1850.0
219  2190000 1966.7
220  2200000 1200.0
221  2210000 1266.7
222  2220000 1366.7
223  2230000 1516.7
224  2240000 1266.7
225  2250000 2333.3
226  2260000 1516.7
227  2270000 1150.0
228  2280000 983.3
229  2290000 1166.7
230  2300000 2366.7
231  2310000 2283.3
232  2320000 1600.0
233  2330000 2650.0
234  2340000 2483.3
235  2350000 1433.3
236  2360000 1700.0
237  2370000 1250.0
238  2380000 1600.0
239  2390000 1466.7
240  2400000 2066.7
241  2410000 1383.3
242  2420000 2000.0
243  2430000 1600.0
244  2440000 1883.3
245  2450000 1816.7
246  2460000 1550.0
247  2470000 1916.7
248  2480000 1533.3
249  2490000 1683.3
250  2500000 1433.3
251  2510000 1950.0
252  2520000 1783.3
253  2530000 1266.7
254  2540000 1100.0
255  2550000 2050.0
256  2560000 2400.0
257  2570000 1066.7
258  2580000 1516.7
259  2590000 1066.7
260  2600000 1750.0
261  2610000 1766.7
262  2620000 1116.7
263  2630000 1483.3
264  2640000 1066.7
265  2650000 2183.3
266  2660000 1783.3
267  2670000 1683.3
268  2680000 1766.7
269  2690000 1733.3
270  2700000 1266.7
271  2710000 2716.7
272  2720000 2133.3
273  2730000 1850.0
274  2740000 1983.3
275  2750000 3250.0
276  2760000 1966.7
277  2770000 1450.0
278  2780000 2383.3
279  2790000 1966.7
280  2800000 1766.7
281  2810000 1750.0
282  2820000 1550.0
283  2830000 1266.7
284  2840000 2233.3
285  2850000 1666.7
286  2860000 1250.0
287  2870000 1400.0
288  2880000 1416.7
289  2890000 1800.0
290  2900000 1483.3
291  2910000 2066.7
292  2920000 1850.0
293  2930000 2100.0
294  2940000 1450.0
295  2950000 1116.7
296  2960000 1833.3
297  2970000 1950.0
298  2980000 2016.7
299  2990000 1266.7
300  3000000 2883.3
301  3010000 1383.3
302  3020000 1283.3
303  3030000 2266.7
304  3040000 2350.0
305  3050000 2316.7
306  3060000 1900.0
307  3070000 1550.0
308  3080000 1983.3
309  3090000 2283.3
310  3100000 1283.3
311  3110000 1350.0
312  3120000 2116.7
313  3130000 2433.3
314  3140000 2433.3
315  3150000 1950.0
316  3160000 3166.7
317  3170000 1616.7
318  3180000 1966.7
319  3190000 1716.7
320  3200000 1983.3
321  3210000 816.7
322  3220000 2983.3
323  3230000 1733.3
324  3240000 2000.0
325  3250000 1533.3
326  3260000 1983.3
327  3270000 2800.0
328  3280000 2166.7
329  3290000 1816.7
330  3300000 1283.3
331  3310000 1133.3
332  3320000 2616.7
333  3330000 2066.7
334  3340000 1666.7
335  3350000 1866.7
336  3360000 2083.3
337  3370000 3233.3
338  3380000 2233.3
339  3390000 900.0
340  3400000 2133.3
341  3410000 2966.7
342  3420000 1983.3
343  3430000 2433.3
344  3440000 3166.7
345  3450000 2650.0
346  3460000 1433.3
347  3470000 2666.7
348  3480000 1900.0
349  3490000 1250.0
350  3500000 2066.7
351  3510000 2316.7
352  3520000 1633.3
353  3530000 1683.3
354  3540000 1216.7
355  3550000 916.7
356  3560000 1616.7
357  3570000 2366.7
358  3580000 2150.0
359  3590000 2016.7
360  3600000 2700.0
361  3610000 1700.0
362  3620000 2100.0
363  3630000 2916.7
364  3640000 1883.3
365  3650000 2066.7
366  3660000 1766.7
367  3670000 1700.0
368  3680000 2116.7
369  3690000 1866.7
370  3700000 2650.0
371  3710000 2133.3
372  3720000 2900.0
373  3730000 2150.0
374  3740000 1616.7
375  3750000 2800.0
376  3760000 1866.7
377  3770000 3100.0
378  3780000 2350.0
379  3790000 1500.0
380  3800000 2466.7
381  3810000 2283.3
382  3820000 1683.3
383  3830000 1350.0
384  3840000 3483.3
385  3850000 2133.3
386  3860000 1216.7
387  3870000 2450.0
388  3880000 2166.7
389  3890000 2400.0
390  3900000 1683.3
391  3910000 2866.7
392  3920000 2350.0
393  3930000 2516.7
394  3940000 2200.0
395  3950000 2533.3
396  3960000 2616.7
397  3970000 2683.3
398  3980000 2416.7
399  3990000 2950.0
400  4000000 2883.3
401  4010000 1350.0
402  4020000 2833.3
403  4030000 2333.3
404  4040000 2133.3
405  4050000 2566.7
406  4060000 1683.3
407  4070000 1533.3
408  4080000 2333.3
409  4090000 1650.0
410  4100000 2416.7
411  4110000 2533.3
412  4120000 2416.7
413  4130000 2850.0
414  4140000 1850.0
415  4150000 2033.3
416  4160000 1766.7
417  4170000 1866.7
418  4180000 1683.3
419  4190000 2433.3
420  4200000 2433.3
421  4210000 3133.3
422  4220000 2100.0
423  4230000 2350.0
424  4240000 2200.0
425  4250000 2616.7
426  4260000 1916.7
427  4270000 2050.0
428  4280000 3166.7
429  4290000 2466.7
430  4300000 2800.0
431  4310000 2550.0
432  4320000 2533.3
433  4330000 2233.3
434  4340000 2750.0
435  4350000 2933.3
436  4360000 2483.3
437  4370000 3033.3
438  4380000 2816.7
439  4390000 2350.0
440  4400000 2433.3
441  4410000 2900.0
442  4420000 2600.0
443  4430000 1883.3
444  4440000 2283.3
445  4450000 2583.3
446  4460000 3800.0
447  4470000 3050.0
448  4480000 2400.0
449  4490000 3116.7
450  4500000 3166.7
451  4510000 3083.3
452  4520000 2183.3
453  4530000 2250.0
454  4540000 1516.7
455  4550000 3050.0
456  4560000 2716.7
457  4570000 2850.0
458  4580000 2883.3
459  4590000 1800.0
460  4600000 3000.0
461  4610000 2200.0
462  4620000 1800.0
463  4630000 2450.0
464  4640000 2133.3
465  4650000 2650.0
466  4660000 2950.0
467  4670000 2700.0
468  4680000 2266.7
469  4690000 2233.3
470  4700000 2550.0
471  4710000 1783.3
472  4720000 1683.3
473  4730000 2133.3
474  4740000 3083.3
475  4750000 2700.0
476  4760000 2550.0
477  4770000 2416.7
478  4780000 3416.7
479  4790000 2416.7
480  4800000 1850.0
481  4810000 2866.7
482  4820000 2350.0
483  4830000 1800.0
484  4840000 2383.3
485  4850000 1966.7
486  4860000 2583.3
487  4870000 2233.3
488  4880000 2066.7
489  4890000 2216.7
490  4900000 2650.0
491  4910000 833.3
492  4920000 1450.0
493  4930000 2766.7
494  4940000 2733.3
495  4950000 2733.3
496  4960000 2033.3
497  4970000 2983.3
498  4980000 1850.0
499  4990000 1850.0
