  0        0 333.3
  1    10000 300.0
  2    20000 316.7
  3    30000 283.3
  4    40000 166.7
  5    50000 466.7
  6    60000 300.0
  7    70000 250.0
  8    80000 250.0
  9    90000 300.0
 10   100000 300.0
 11   110000 333.3
 12   120000 350.0
 13   130000 266.7
 14   140000 266.7
 15   150000 500.0
 16   160000 233.3
 17   170000 250.0
 18   180000 250.0
 19   190000 350.0
 20   200000 333.3
 21   210000 216.7
 22   220000 266.7
 23   230000 400.0
 24   240000 350.0
 25   250000 283.3
 26   260000 600.0
 27   270000 283.3
 28   280000 533.3
 29   290000 233.3
 30   300000 583.3
 31   310000 150.0
 32   320000 100.0
 33   330000 366.7
 34   340000 316.7
 35   350000 466.7
 36   360000 233.3
 37   370000 250.0
 38   380000 233.3
 39   390000 366.7
 40   400000 283.3
 41   410000 216.7
 42   420000 266.7
 43   430000 300.0
 44   440000 366.7
 45   450000 550.0
 46   460000 183.3
 47   470000 350.0
 48   480000 216.7
 49   490000 316.7
 50   500000 383.3
 51   510000 283.3
 52   520000 650.0
 53   530000 333.3
 54   540000 316.7
 55   550000 116.7
 56   560000 250.0
 57   570000 383.3
 58   580000 283.3
 59   590000 250.0
 60   600000 450.0
 61   610000 150.0
 62   620000 266.7
 63   630000 166.7
 64   640000 216.7
 65   650000 433.3
 66   660000 300.0
 67   670000 400.0
 68   680000 350.0
 69   690000 233.3
 70   700000 200.0
 71   710000 183.3
 72   720000 350.0
 73   730000 316.7
 74   740000 350.0
 75   750000 350.0
 76   760000 300.0
 77   770000 183.3
 78   780000 116.7
 79   790000 200.0
 80   800000 283.3
 81   810000 116.7
 82   820000 350.0
 83   830000 133.3
 84   840000 200.0
 85   850000 333.3
 86   860000 166.7
 87   870000 466.7
 88   880000 383.3
 89   890000 400.0
 90   900000 200.0
 91   910000 233.3
 92   920000 216.7
 93   930000 216.7
 94   940000 233.3
 95   950000 283.3
 96   960000 333.3
 97   970000 600.0
 98   980000 650.0
 99   990000 333.3
100  1000000 383.3
101  1010000 366.7
102  1020000 316.7
103  1030000 400.0
104  1040000 233.3
105  1050000 233.3
106  1060000 333.3
107  1070000 383.3
108  1080000 350.0
109  1090000 616.7
110  1100000 283.3
111  1110000 350.0
112  1120000 283.3
113  1130000 300.0
114  1140000 383.3
115  1150000 250.0
116  1160000 450.0
117  1170000 300.0
118  1180000 350.0
119  1190000 266.7
120  1200000 250.0
121  1210000 366.7
122  1220000 533.3
123  1230000 233.3
124  1240000 433.3
125  1250000 483.3
126  1260000 416.7
127  1270000 733.3
128  1280000 550.0
129  1290000 650.0
130  1300000 900.0
131  1310000 483.3
132  1320000 416.7
133  1330000 683.3
134  1340000 416.7
135  1350000 533.3
136  1360000 550.0
137  1370000 466.7
138  1380000 466.7
139  1390000 633.3
140  1400000 783.3
141  1410000 366.7
142  1420000 650.0
143  1430000 483.3
144  1440000 716.7
145  1450000 533.3
146  1460000 1016.7
147  1470000 566.7
148  1480000 350.0
149  1490000 833.3
150  1500000 416.7
151  1510000 766.7
152  1520000 550.0
153  1530000 466.7
154  1540000 566.7
155  1550000 383.3
156  1560000 733.3
157  1570000 383.3
158  1580000 383.3
159  1590000 350.0
160  1600000 633.3
161  1610000 550.0
162  1620000 516.7
163  1630000 283.3
164  1640000 266.7
165  1650000 483.3
166  1660000 533.3
167  1670000 516.7
168  1680000 83.3
169  1690000 350.0
170  1700000 433.3
171  1710000 683.3
172  1720000 233.3
173  1730000 466.7
174  1740000 616.7
175  1750000 883.3
176  1760000 450.0
177  1770000 533.3
178  1780000 433.3
179  1790000 400.0
180  1800000 500.0
181  1810000 583.3
182  1820000 766.7
183  1830000 400.0
184  1840000 350.0
185  1850000 533.3
186  1860000 450.0
187  1870000 433.3
188  1880000 400.0
189  1890000 433.3
190  1900000 516.7
191  1910000 766.7
192  1920000 400.0
193  1930000 466.7
194  1940000 416.7
195  1950000 700.0
196  1960000 383.3
197  1970000 316.7
198  1980000 416.7
199  1990000 450.0
200  2000000 733.3
201  2010000 416.7
202  2020000 483.3
203  2030000 500.0
204  2040000 483.3
205  2050000 383.3
206  2060000 483.3
207  2070000 333.3
208  2080000 566.7
209  2090000 300.0
210  2100000 716.7
211  2110000 816.7
212  2120000 533.3
213  2130000 316.7
214  2140000 450.0
215  2150000 433.3
216  2160000 300.0
217  2170000 466.7
218  2180000 483.3
219  2190000 483.3
220  2200000 633.3
221  2210000 600.0
222  2220000 416.7
223  2230000 633.3
224  2240000 650.0
225  2250000 683.3
226  2260000 383.3
227  2270000 416.7
228  2280000 450.0
229  2290000 533.3
230  2300000 483.3
231  2310000 516.7
232  2320000 433.3
233  2330000 550.0
234  2340000 350.0
235  2350000 283.3
236  2360000 616.7
237  2370000 566.7
238  2380000 433.3
239  2390000 566.7
240  2400000 650.0
241  2410000 516.7
242  2420000 616.7
243  2430000 533.3
244  2440000 516.7
245  2450000 533.3
246  2460000 633.3
247  2470000 666.7
248  2480000 516.7
249  2490000 866.7
250  2500000 733.3
251  2510000 516.7
252  2520000 433.3
253  2530000 433.3
254  2540000 633.3
255  2550000 466.7
256  2560000 483.3
257  2570000 800.0
258  2580000 466.7
259  2590000 916.7
260  2600000 666.7
261  2610000 750.0
262  2620000 750.0
263  2630000 500.0
264  2640000 866.7
265  2650000 650.0
266  2660000 900.0
267  2670000 933.3
268  2680000 516.7
269  2690000 650.0
270  2700000 783.3
271  2710000 666.7
272  2720000 616.7
273  2730000 1016.7
274  2740000 883.3
275  2750000 783.3
276  2760000 716.7
277  2770000 483.3
278  2780000 833.3
279  2790000 566.7
280  2800000 550.0
281  2810000 583.3
282  2820000 700.0
283  2830000 750.0
284  2840000 333.3
285  2850000 550.0
286  2860000 483.3
287  2870000 700.0
288  2880000 866.7
289  2890000 466.7
290  2900000 366.7
291  2910000 300.0
292  2920000 516.7
293  2930000 650.0
294  2940000 500.0
295  2950000 750.0
296  2960000 516.7
297  2970000 566.7
298  2980000 616.7
299  2990000 616.7
300  3000000 716.7
301  3010000 283.3
302  3020000 533.3
303  3030000 500.0
304  3040000 650.0
305  3050000 850.0
306  3060000 533.3
307  3070000 366.7
308  3080000 783.3
309  3090000 216.7
310  3100000 633.3
311  3110000 633.3
312  3120000 700.0
313  3130000 550.0
314  3140000 500.0
315  3150000 450.0
316  3160000 783.3
317  3170000 433.3
318  3180000 616.7
319  3190000 500.0
320  3200000 300.0
321  3210000 616.7
322  3220000 500.0
323  3230000 683.3
324  3240000 533.3
325  3250000 633.3
326  3260000 483.3
327  3270000 433.3
328  3280000 650.0
329  3290000 666.7
330  3300000 600.0
331  3310000 483.3
332  3320000 733.3
333  3330000 600.0
334  3340000 700.0
335  3350000 483.3
336  3360000 450.0
337  3370000 666.7
338  3380000 433.3
339  3390000 700.0
340  3400000 650.0
341  3410000 750.0
342  3420000 483.3
343  3430000 900.0
344  3440000 966.7
345  3450000 516.7
346  3460000 533.3
347  3470000 600.0
348  3480000 600.0
349  3490000 833.3
350  3500000 950.0
351  3510000 266.7
352  3520000 466.7
353  3530000 500.0
354  3540000 600.0
355  3550000 800.0
356  3560000 633.3
357  3570000 483.3
358  3580000 566.7
359  3590000 466.7
360  3600000 683.3
361  3610000 600.0
362  3620000 433.3
363  3630000 483.3
364  3640000 750.0
365  3650000 700.0
366  3660000 633.3
367  3670000 616.7
368  3680000 700.0
369  3690000 933.3
370  3700000 933.3
371  3710000 466.7
372  3720000 683.3
373  3730000 333.3
374  3740000 566.7
375  3750000 516.7
376  3760000 433.3
377  3770000 800.0
378  3780000 933.3
379  3790000 783.3
380  3800000 466.7
381  3810000 483.3
382  3820000 1066.7
383  3830000 733.3
384  3840000 633.3
385  3850000 400.0
386  3860000 400.0
387  3870000 500.0
388  3880000 433.3
389  3890000 466.7
390  3900000 500.0
391  3910000 750.0
392  3920000 500.0
393  3930000 700.0
394  3940000 616.7
395  3950000 616.7
396  3960000 566.7
397  3970000 350.0
398  3980000 1016.7
399  3990000 500.0
400  4000000 516.7
401  4010000 783.3
402  4020000 633.3
403  4030000 766.7
404  4040000 633.3
405  4050000 950.0
406  4060000 866.7
407  4070000 750.0
408  4080000 450.0
409  4090000 616.7
410  4100000 966.7
411  4110000 666.7
412  4120000 583.3
413  4130000 550.0
414  4140000 733.3
415  4150000 516.7
416  4160000 783.3
417  4170000 733.3
418  4180000 500.0
419  4190000 850.0
420  4200000 366.7
421  4210000 683.3
422  4220000 600.0
423  4230000 766.7
424  4240000 483.3
425  4250000 666.7
426  4260000 416.7
427  4270000 1150.0
428  4280000 583.3
429  4290000 750.0
430  4300000 450.0
431  4310000 500.0
432  4320000 483.3
433  4330000 600.0
434  4340000 466.7
435  4350000 600.0
436  4360000 316.7
437  4370000 516.7
438  4380000 516.7
439  4390000 916.7
440  4400000 400.0
441  4410000 316.7
442  4420000 833.3
443  4430000 733.3
444  4440000 483.3
445  4450000 716.7
446  4460000 666.7
447  4470000 516.7
448  4480000 550.0
449  4490000 616.7
450  4500000 766.7
451  4510000 350.0
452  4520000 1100.0
453  4530000 900.0
454  4540000 1033.3
455  4550000 833.3
456  4560000 383.3
457  4570000 500.0
458  4580000 850.0
459  4590000 566.7
460  4600000 633.3
461  4610000 866.7
462  4620000 583.3
463  4630000 600.0
464  4640000 616.7
465  4650000 516.7
466  4660000 900.0
467  4670000 700.0
468  4680000 616.7
469  4690000 483.3
470  4700000 416.7
471  4710000 600.0
472  4720000 633.3
473  4730000 683.3
474  4740000 800.0
475  4750000 516.7
476  4760000 283.3
477  4770000 900.0
478  4780000 450.0
479  4790000 383.3
480  4800000 483.3
481  4810000 566.7
482  4820000 766.7
483  4830000 833.3
484  4840000 750.0
485  4850000 500.0
486  4860000 733.3
487  4870000 466.7
488  4880000 783.3
489  4890000 883.3
490  4900000 650.0
491  4910000 716.7
492  4920000 666.7
493  4930000 583.3
494  4940000 683.3
495  4950000 366.7
496  4960000 833.3
497  4970000 516.7
498  4980000 500.0
499  4990000 716.7
