  0        0 5.7
  1    10000 4.0
  2    20000 4.0
  3    30000 5.7
  4    40000 5.7
  5    50000 4.0
  6    60000 9.0
  7    70000 0.0
  8    80000 0.0
  9    90000 9.0
 10   100000 0.0
 11   110000 0.0
 12   120000 0.0
 13   130000 4.0
 14   140000 9.0
 15   150000 1.7
 16   160000 0.0
 17   170000 9.0
 18   180000 0.0
 19   190000 1.0
 20   200000 3.0
 21   210000 9.0
 22   220000 1.0
 23   230000 0.0
 24   240000 3.0
 25   250000 0.3
 26   260000 0.0
 27   270000 0.0
 28   280000 9.0
 29   290000 9.0
 30   300000 9.0
 31   310000 9.0
 32   320000 4.0
 33   330000 9.0
 34   340000 10.0
 35   350000 9.0
 36   360000 5.0
 37   370000 5.0
 38   380000 9.0
 39   390000 9.7
 40   400000 9.0
 41   410000 9.0
 42   420000 9.0
 43   430000 9.3
 44   440000 9.0
 45   450000 9.0
 46   460000 10.0
 47   470000 5.3
 48   480000 5.7
 49   490000 9.0
 50   500000 9.0
 51   510000 9.3
 52   520000 3.0
 53   530000 10.7
 54   540000 9.0
 55   550000 6.7
 56   560000 10.3
 57   570000 9.3
 58   580000 7.0
 59   590000 8.7
 60   600000 6.0
 61   610000 7.0
 62   620000 4.3
 63   630000 8.7
 64   640000 9.0
 65   650000 8.3
 66   660000 9.0
 67   670000 11.0
 68   680000 10.0
 69   690000 7.3
 70   700000 11.0
 71   710000 11.0
 72   720000 12.7
 73   730000 13.0
 74   740000 12.7
 75   750000 31.0
 76   760000 6.3
 77   770000 11.0
 78   780000 9.7
 79   790000 9.3
 80   800000 13.0
 81   810000 9.0
 82   820000 23.3
 83   830000 8.3
 84   840000 9.3
 85   850000 13.3
 86   860000 10.0
 87   870000 17.0
 88   880000 18.0
 89   890000 15.0
 90   900000 12.7
 91   910000 13.0
 92   920000 19.0
 93   930000 18.0
 94   940000 23.0
 95   950000 18.7
 96   960000 22.0
 97   970000 28.0
 98   980000 12.3
 99   990000 29.3
100  1000000 25.7
101  1010000 13.3
102  1020000 19.7
103  1030000 22.7
104  1040000 31.0
105  1050000 25.0
106  1060000 26.7
107  1070000 24.7
108  1080000 32.0
109  1090000 22.3
110  1100000 29.3
111  1110000 32.0
112  1120000 31.3
113  1130000 32.0
114  1140000 39.0
115  1150000 40.0
116  1160000 26.0
117  1170000 37.3
118  1180000 36.7
119  1190000 43.7
120  1200000 38.7
121  1210000 27.3
122  1220000 50.0
123  1230000 26.3
124  1240000 45.0
125  1250000 29.0
126  1260000 38.7
127  1270000 27.7
128  1280000 39.3
129  1290000 41.3
130  1300000 49.0
131  1310000 47.3
132  1320000 50.3
133  1330000 34.0
134  1340000 27.0
135  1350000 53.3
136  1360000 40.7
137  1370000 34.7
138  1380000 33.3
139  1390000 49.3
140  1400000 48.3
141  1410000 29.0
142  1420000 37.0
143  1430000 43.3
144  1440000 56.0
145  1450000 43.3
146  1460000 29.0
147  1470000 58.7
148  1480000 39.0
149  1490000 53.7
150  1500000 65.0
151  1510000 68.7
152  1520000 54.7
153  1530000 58.3
154  1540000 40.7
155  1550000 61.3
156  1560000 44.3
157  1570000 43.3
158  1580000 65.7
159  1590000 61.3
160  1600000 44.3
161  1610000 35.3
162  1620000 49.3
163  1630000 28.7
164  1640000 47.3
165  1650000 54.3
166  1660000 41.3
167  1670000 52.7
168  1680000 45.0
169  1690000 60.3
170  1700000 57.0
171  1710000 56.3
172  1720000 76.0
173  1730000 45.7
174  1740000 58.7
175  1750000 50.7
176  1760000 64.3
177  1770000 62.0
178  1780000 83.7
179  1790000 64.0
180  1800000 72.7
181  1810000 55.3
182  1820000 44.0
183  1830000 83.7
184  1840000 74.3
185  1850000 77.3
186  1860000 50.3
187  1870000 67.7
188  1880000 70.3
189  1890000 92.0
190  1900000 46.7
191  1910000 75.3
192  1920000 50.7
193  1930000 83.3
194  1940000 81.3
195  1950000 36.7
196  1960000 42.7
197  1970000 50.7
198  1980000 84.7
199  1990000 88.7
200  2000000 62.7
201  2010000 67.3
202  2020000 56.0
203  2030000 61.7
204  2040000 67.3
205  2050000 73.7
206  2060000 194.0
207  2070000 53.3
208  2080000 47.7
209  2090000 88.3
210  2100000 88.3
211  2110000 62.7
212  2120000 65.0
213  2130000 80.0
214  2140000 66.3
215  2150000 79.7
216  2160000 79.0
217  2170000 65.3
218  2180000 55.7
219  2190000 211.0
220  2200000 75.7
221  2210000 86.3
222  2220000 74.7
223  2230000 65.0
224  2240000 90.7
225  2250000 82.0
226  2260000 116.0
227  2270000 64.3
228  2280000 84.0
229  2290000 155.3
230  2300000 95.0
231  2310000 165.0
232  2320000 227.3
233  2330000 157.3
234  2340000 82.7
235  2350000 63.3
236  2360000 105.3
237  2370000 136.0
238  2380000 91.3
239  2390000 85.0
240  2400000 166.0
241  2410000 87.3
242  2420000 180.0
243  2430000 163.7
244  2440000 141.7
245  2450000 155.0
246  2460000 87.0
247  2470000 79.0
248  2480000 214.7
249  2490000 169.0
250  2500000 185.0
251  2510000 90.0
252  2520000 164.0
253  2530000 110.7
254  2540000 140.0
255  2550000 132.3
256  2560000 190.7
257  2570000 177.0
258  2580000 203.3
259  2590000 233.3
260  2600000 356.3
261  2610000 238.7
262  2620000 153.7
263  2630000 305.3
264  2640000 283.7
265  2650000 87.0
266  2660000 226.0
267  2670000 184.7
268  2680000 158.7
269  2690000 223.0
270  2700000 275.3
271  2710000 299.3
272  2720000 317.0
273  2730000 241.0
274  2740000 208.3
275  2750000 186.3
276  2760000 137.7
277  2770000 272.7
278  2780000 207.7
279  2790000 291.3
280  2800000 278.0
281  2810000 272.0
282  2820000 308.3
283  2830000 254.7
284  2840000 268.7
285  2850000 66.7
286  2860000 291.7
287  2870000 217.3
288  2880000 198.0
289  2890000 306.7
290  2900000 229.0
291  2910000 223.3
292  2920000 144.3
293  2930000 227.0
294  2940000 304.3
295  2950000 287.7
296  2960000 279.7
297  2970000 233.3
298  2980000 248.7
299  2990000 301.7
300  3000000 313.0
301  3010000 200.0
302  3020000 357.0
303  3030000 214.7
304  3040000 181.0
305  3050000 246.0
306  3060000 229.0
307  3070000 248.3
308  3080000 305.7
309  3090000 223.0
310  3100000 120.0
311  3110000 270.7
312  3120000 254.3
313  3130000 97.3
314  3140000 273.7
315  3150000 124.3
316  3160000 230.7
317  3170000 265.7
318  3180000 143.3
319  3190000 147.7
320  3200000 242.3
321  3210000 184.7
322  3220000 232.0
323  3230000 229.3
324  3240000 228.7
325  3250000 234.3
326  3260000 273.7
327  3270000 234.0
328  3280000 257.7
329  3290000 236.7
330  3300000 270.0
331  3310000 245.3
332  3320000 262.0
333  3330000 214.0
334  3340000 210.3
335  3350000 236.7
336  3360000 298.0
337  3370000 242.0
338  3380000 314.3
339  3390000 222.0
340  3400000 266.3
341  3410000 286.7
342  3420000 246.3
343  3430000 256.7
344  3440000 171.3
345  3450000 266.7
346  3460000 240.0
347  3470000 299.3
348  3480000 191.7
349  3490000 254.0
350  3500000 237.0
351  3510000 220.3
352  3520000 234.7
353  3530000 226.7
354  3540000 186.3
355  3550000 310.3
356  3560000 224.7
357  3570000 238.3
358  3580000 305.7
359  3590000 280.7
360  3600000 212.3
361  3610000 258.3
362  3620000 210.3
363  3630000 178.3
364  3640000 190.0
365  3650000 217.3
366  3660000 241.3
367  3670000 198.7
368  3680000 197.7
369  3690000 270.3
370  3700000 235.3
371  3710000 252.3
372  3720000 178.7
373  3730000 209.0
374  3740000 270.0
375  3750000 202.3
376  3760000 287.7
377  3770000 182.3
378  3780000 244.3
379  3790000 203.7
380  3800000 223.7
381  3810000 166.0
382  3820000 271.0
383  3830000 261.7
384  3840000 303.3
385  3850000 222.7
386  3860000 197.7
387  3870000 208.7
388  3880000 201.7
389  3890000 196.7
390  3900000 144.3
391  3910000 216.7
392  3920000 210.0
393  3930000 242.0
394  3940000 227.7
395  3950000 252.3
396  3960000 183.0
397  3970000 144.3
398  3980000 231.0
399  3990000 330.7
400  4000000 217.7
401  4010000 252.0
402  4020000 271.0
403  4030000 115.0
404  4040000 273.0
405  4050000 193.0
406  4060000 262.3
407  4070000 305.7
408  4080000 207.3
409  4090000 195.7
410  4100000 41.0
411  4110000 179.7
412  4120000 220.0
413  4130000 264.0
414  4140000 281.0
415  4150000 307.0
416  4160000 194.0
417  4170000 294.7
418  4180000 186.3
419  4190000 192.0
420  4200000 280.3
421  4210000 221.0
422  4220000 267.3
423  4230000 209.3
424  4240000 264.3
425  4250000 280.0
426  4260000 213.7
427  4270000 218.3
428  4280000 278.3
429  4290000 218.7
430  4300000 244.7
431  4310000 240.3
432  4320000 239.0
433  4330000 213.7
434  4340000 120.0
435  4350000 157.3
436  4360000 243.0
437  4370000 250.0
438  4380000 191.3
439  4390000 142.7
440  4400000 273.0
441  4410000 270.7
442  4420000 204.7
443  4430000 201.3
444  4440000 182.0
445  4450000 303.7
446  4460000 94.3
447  4470000 179.7
448  4480000 230.3
449  4490000 85.7
450  4500000 249.3
451  4510000 206.7
452  4520000 272.7
453  4530000 206.0
454  4540000 245.7
455  4550000 204.0
456  4560000 246.3
457  4570000 168.3
458  4580000 237.7
459  4590000 256.0
460  4600000 254.3
461  4610000 156.7
462  4620000 273.0
463  4630000 290.7
464  4640000 181.0
465  4650000 295.3
466  4660000 166.7
467  4670000 54.7
468  4680000 265.3
469  4690000 302.0
470  4700000 311.0
471  4710000 227.3
472  4720000 273.3
473  4730000 310.0
474  4740000 296.0
475  4750000 253.0
476  4760000 304.0
477  4770000 283.7
478  4780000 329.0
479  4790000 232.7
480  4800000 294.7
481  4810000 162.3
482  4820000 219.0
483  4830000 232.3
484  4840000 211.0
485  4850000 272.7
486  4860000 246.7
487  4870000 204.7
488  4880000 197.0
489  4890000 272.7
490  4900000 260.7
491  4910000 269.3
492  4920000 337.3
493  4930000 251.0
494  4940000 243.3
495  4950000 315.0
496  4960000 257.0
497  4970000 305.3
498  4980000 233.0
499  4990000 297.7
