  0        0 5.7
  1    10000 4.0
  2    20000 4.0
  3    30000 5.7
  4    40000 5.7
  5    50000 4.0
  6    60000 0.0
  7    70000 0.3
  8    80000 2.0
  9    90000 1.0
 10   100000 0.0
 11   110000 0.0
 12   120000 1.0
 13   130000 0.0
 14   140000 2.7
 15   150000 3.0
 16   160000 9.0
 17   170000 6.0
 18   180000 3.3
 19   190000 9.0
 20   200000 10.0
 21   210000 4.0
 22   220000 9.0
 23   230000 9.0
 24   240000 8.3
 25   250000 0.0
 26   260000 1.0
 27   270000 9.0
 28   280000 10.0
 29   290000 9.0
 30   300000 7.3
 31   310000 8.3
 32   320000 9.0
 33   330000 6.0
 34   340000 4.0
 35   350000 11.0
 36   360000 1.0
 37   370000 14.0
 38   380000 10.7
 39   390000 8.3
 40   400000 16.0
 41   410000 9.3
 42   420000 9.7
 43   430000 11.7
 44   440000 16.0
 45   450000 11.3
 46   460000 10.0
 47   470000 18.0
 48   480000 13.3
 49   490000 10.0
 50   500000 15.0
 51   510000 11.0
 52   520000 11.0
 53   530000 11.7
 54   540000 11.0
 55   550000 11.7
 56   560000 14.0
 57   570000 20.3
 58   580000 8.3
 59   590000 9.0
 60   600000 11.3
 61   610000 13.0
 62   620000 12.3
 63   630000 14.7
 64   640000 19.3
 65   650000 26.0
 66   660000 25.0
 67   670000 23.7
 68   680000 18.3
 69   690000 24.3
 70   700000 26.0
 71   710000 22.7
 72   720000 24.7
 73   730000 23.7
 74   740000 19.7
 75   750000 26.7
 76   760000 21.7
 77   770000 26.0
 78   780000 23.3
 79   790000 28.3
 80   800000 29.0
 81   810000 25.3
 82   820000 25.3
 83   830000 30.7
 84   840000 27.0
 85   850000 31.7
 86   860000 35.3
 87   870000 34.0
 88   880000 40.3
 89   890000 39.7
 90   900000 43.0
 91   910000 38.7
 92   920000 31.7
 93   930000 35.3
 94   940000 31.0
 95   950000 40.3
 96   960000 45.3
 97   970000 48.0
 98   980000 35.3
 99   990000 35.3
100  1000000 51.3
101  1010000 61.0
102  1020000 51.7
103  1030000 37.7
104  1040000 32.0
105  1050000 58.7
106  1060000 53.7
107  1070000 42.0
108  1080000 39.3
109  1090000 53.7
110  1100000 54.0
111  1110000 40.7
112  1120000 37.0
113  1130000 49.3
114  1140000 62.0
115  1150000 48.0
116  1160000 62.3
117  1170000 44.0
118  1180000 51.0
119  1190000 54.7
120  1200000 42.7
121  1210000 53.7
122  1220000 58.7
123  1230000 71.3
124  1240000 51.3
125  1250000 53.7
126  1260000 55.7
127  1270000 58.0
128  1280000 62.0
129  1290000 39.0
130  1300000 65.3
131  1310000 58.3
132  1320000 65.7
133  1330000 65.7
134  1340000 55.0
135  1350000 40.7
136  1360000 61.7
137  1370000 55.0
138  1380000 61.3
139  1390000 58.3
140  1400000 51.0
141  1410000 57.3
142  1420000 57.3
143  1430000 60.7
144  1440000 95.3
145  1450000 71.7
146  1460000 75.3
147  1470000 81.0
148  1480000 131.0
149  1490000 66.3
150  1500000 60.7
151  1510000 74.7
152  1520000 67.3
153  1530000 87.0
154  1540000 72.0
155  1550000 57.3
156  1560000 134.3
157  1570000 54.0
158  1580000 81.7
159  1590000 63.7
160  1600000 67.0
161  1610000 79.0
162  1620000 59.3
163  1630000 89.3
164  1640000 88.7
165  1650000 77.0
166  1660000 90.3
167  1670000 71.3
168  1680000 80.0
169  1690000 79.0
170  1700000 101.3
171  1710000 102.3
172  1720000 76.7
173  1730000 77.7
174  1740000 115.7
175  1750000 53.7
176  1760000 56.3
177  1770000 138.7
178  1780000 98.7
179  1790000 106.0
180  1800000 101.3
181  1810000 81.3
182  1820000 78.7
183  1830000 92.0
184  1840000 81.0
185  1850000 108.7
186  1860000 70.3
187  1870000 84.7
188  1880000 126.0
189  1890000 65.0
190  1900000 104.7
191  1910000 93.0
192  1920000 80.3
193  1930000 57.0
194  1940000 94.7
195  1950000 98.7
196  1960000 101.3
197  1970000 105.3
198  1980000 68.3
199  1990000 84.3
200  2000000 75.3
201  2010000 89.7
202  2020000 126.3
203  2030000 123.3
204  2040000 86.3
205  2050000 123.3
206  2060000 125.7
207  2070000 184.3
208  2080000 200.3
209  2090000 79.0
210  2100000 95.7
211  2110000 115.3
212  2120000 108.0
213  2130000 91.7
214  2140000 79.0
215  2150000 60.3
216  2160000 88.0
217  2170000 100.7
218  2180000 69.0
219  2190000 79.0
220  2200000 71.0
221  2210000 184.7
222  2220000 105.7
223  2230000 186.3
224  2240000 140.7
225  2250000 61.7
226  2260000 224.7
227  2270000 191.3
228  2280000 122.3
229  2290000 163.3
230  2300000 241.0
231  2310000 151.0
232  2320000 156.7
233  2330000 299.3
234  2340000 273.0
235  2350000 215.0
236  2360000 200.7
237  2370000 239.7
238  2380000 243.7
239  2390000 115.7
240  2400000 193.3
241  2410000 76.7
242  2420000 177.7
243  2430000 258.0
244  2440000 282.0
245  2450000 182.0
246  2460000 163.7
247  2470000 108.7
248  2480000 181.0
249  2490000 111.3
250  2500000 48.3
251  2510000 350.0
252  2520000 258.7
253  2530000 228.7
254  2540000 158.7
255  2550000 182.7
256  2560000 103.3
257  2570000 220.3
258  2580000 193.0
259  2590000 302.7
260  2600000 206.0
261  2610000 215.7
262  2620000 129.3
263  2630000 276.3
264  2640000 246.7
265  2650000 215.0
266  2660000 179.0
267  2670000 265.3
268  2680000 168.0
269  2690000 200.0
270  2700000 228.3
271  2710000 206.0
272  2720000 203.0
273  2730000 297.0
274  2740000 326.3
275  2750000 258.7
276  2760000 236.0
277  2770000 40.3
278  2780000 35.3
279  2790000 231.7
280  2800000 214.0
281  2810000 172.7
282  2820000 220.3
283  2830000 230.7
284  2840000 183.7
285  2850000 281.3
286  2860000 255.0
287  2870000 220.7
288  2880000 280.3
289  2890000 234.0
290  2900000 203.7
291  2910000 281.0
292  2920000 240.7
293  2930000 228.7
294  2940000 222.7
295  2950000 145.3
296  2960000 104.0
297  2970000 147.7
298  2980000 260.7
299  2990000 199.7
300  3000000 229.3
301  3010000 217.7
302  3020000 169.3
303  3030000 230.0
304  3040000 210.7
305  3050000 202.3
306  3060000 116.0
307  3070000 104.7
308  3080000 243.3
309  3090000 259.0
310  3100000 322.7
311  3110000 170.3
312  3120000 98.0
313  3130000 245.0
314  3140000 224.7
315  3150000 226.0
316  3160000 120.0
317  3170000 218.3
318  3180000 227.0
319  3190000 275.3
320  3200000 69.0
321  3210000 233.7
322  3220000 217.7
323  3230000 238.7
324  3240000 239.0
325  3250000 165.7
326  3260000 239.7
327  3270000 192.3
328  3280000 187.0
329  3290000 219.0
330  3300000 217.7
331  3310000 272.0
332  3320000 249.3
333  3330000 220.3
334  3340000 241.0
335  3350000 332.0
336  3360000 211.3
337  3370000 239.7
338  3380000 126.7
339  3390000 227.3
340  3400000 223.0
341  3410000 140.3
342  3420000 237.3
343  3430000 235.3
344  3440000 198.7
345  3450000 181.0
346  3460000 244.0
347  3470000 259.7
348  3480000 211.7
349  3490000 279.3
350  3500000 183.0
351  3510000 198.7
352  3520000 112.0
353  3530000 167.7
354  3540000 206.0
355  3550000 205.0
356  3560000 210.3
357  3570000 262.0
358  3580000 185.7
359  3590000 196.7
360  3600000 217.3
361  3610000 161.7
362  3620000 186.7
363  3630000 284.0
364  3640000 254.3
365  3650000 233.0
366  3660000 250.0
367  3670000 205.0
368  3680000 237.3
369  3690000 246.3
370  3700000 222.0
371  3710000 205.0
372  3720000 218.7
373  3730000 224.3
374  3740000 199.0
375  3750000 250.3
376  3760000 180.0
377  3770000 292.3
378  3780000 224.7
379  3790000 316.7
380  3800000 194.0
381  3810000 196.0
382  3820000 39.0
383  3830000 285.0
384  3840000 286.7
385  3850000 191.3
386  3860000 205.3
387  3870000 202.0
388  3880000 220.0
389  3890000 202.3
390  3900000 263.0
391  3910000 219.0
392  3920000 226.3
393  3930000 248.7
394  3940000 237.0
395  3950000 223.3
396  3960000 280.7
397  3970000 122.7
398  3980000 165.0
399  3990000 142.7
400  4000000 235.3
401  4010000 213.0
402  4020000 147.3
403  4030000 188.7
404  4040000 353.3
405  4050000 254.7
406  4060000 350.0
407  4070000 265.7
408  4080000 273.7
409  4090000 309.0
410  4100000 218.7
411  4110000 255.0
412  4120000 360.3
413  4130000 290.0
414  4140000 310.3
415  4150000 256.0
416  4160000 308.0
417  4170000 195.0
418  4180000 260.3
419  4190000 187.7
420  4200000 171.3
421  4210000 223.0
422  4220000 272.3
423  4230000 141.7
424  4240000 316.7
425  4250000 248.3
426  4260000 46.3
427  4270000 310.7
428  4280000 251.3
429  4290000 335.0
430  4300000 214.7
431  4310000 179.7
432  4320000 70.3
433  4330000 255.7
434  4340000 211.7
435  4350000 200.0
436  4360000 228.3
437  4370000 78.3
438  4380000 261.3
439  4390000 213.3
440  4400000 237.0
441  4410000 173.0
442  4420000 103.7
443  4430000 194.3
444  4440000 315.3
445  4450000 275.3
446  4460000 260.0
447  4470000 12.0
448  4480000 178.3
449  4490000 289.7
450  4500000 27.0
451  4510000 60.3
452  4520000 184.0
453  4530000 206.7
454  4540000 250.7
455  4550000 148.7
456  4560000 288.7
457  4570000 236.0
458  4580000 185.3
459  4590000 210.3
460  4600000 276.3
461  4610000 229.0
462  4620000 228.0
463  4630000 285.7
464  4640000 256.0
465  4650000 317.3
466  4660000 333.7
467  4670000 223.7
468  4680000 242.7
469  4690000 127.7
470  4700000 180.7
471  4710000 255.3
472  4720000 121.7
473  4730000 315.7
474  4740000 232.0
475  4750000 238.0
476  4760000 276.3
477  4770000 266.0
478  4780000 232.3
479  4790000 277.3
480  4800000 203.0
481  4810000 206.7
482  4820000 228.7
483  4830000 225.0
484  4840000 223.3
485  4850000 304.0
486  4860000 197.3
487  4870000 80.0
488  4880000 293.3
489  4890000 238.0
490  4900000 293.7
491  4910000 286.3
492  4920000 296.7
493  4930000 250.0
494  4940000 261.0
495  4950000 276.7
496  4960000 162.7
497  4970000 299.3
498  4980000 226.3
499  4990000 193.3
