  0        0 5.7
  1    10000 4.0
  2    20000 4.0
  3    30000 5.7
  4    40000 5.7
  5    50000 4.0
  6    60000 9.0
  7    70000 9.0
  8    80000 0.0
  9    90000 2.0
 10   100000 0.0
 11   110000 10.0
 12   120000 0.0
 13   130000 9.0
 14   140000 2.3
 15   150000 0.0
 16   160000 9.0
 17   170000 0.0
 18   180000 0.0
 19   190000 6.0
 20   200000 8.3
 21   210000 5.0
 22   220000 9.0
 23   230000 9.0
 24   240000 9.0
 25   250000 11.0
 26   260000 9.7
 27   270000 11.0
 28   280000 10.7
 29   290000 9.0
 30   300000 7.0
 31   310000 11.0
 32   320000 9.0
 33   330000 9.3
 34   340000 9.0
 35   350000 11.0
 36   360000 9.0
 37   370000 15.3
 38   380000 10.7
 39   390000 14.0
 40   400000 16.0
 41   410000 17.7
 42   420000 13.0
 43   430000 12.0
 44   440000 10.7
 45   450000 22.7
 46   460000 17.3
 47   470000 13.7
 48   480000 19.0
 49   490000 15.7
 50   500000 16.7
 51   510000 19.7
 52   520000 22.7
 53   530000 17.0
 54   540000 26.0
 55   550000 23.3
 56   560000 22.7
 57   570000 23.0
 58   580000 23.7
 59   590000 28.7
 60   600000 25.7
 61   610000 24.7
 62   620000 18.3
 63   630000 19.0
 64   640000 26.0
 65   650000 33.3
 66   660000 16.3
 67   670000 21.0
 68   680000 24.0
 69   690000 29.0
 70   700000 20.3
 71   710000 22.7
 72   720000 30.3
 73   730000 33.3
 74   740000 30.7
 75   750000 103.0
 76   760000 32.7
 77   770000 32.3
 78   780000 33.3
 79   790000 32.0
 80   800000 37.0
 81   810000 31.3
 82   820000 32.0
 83   830000 33.0
 84   840000 27.0
 85   850000 35.0
 86   860000 43.0
 87   870000 33.7
 88   880000 36.7
 89   890000 26.3
 90   900000 31.7
 91   910000 33.0
 92   920000 31.7
 93   930000 45.0
 94   940000 45.0
 95   950000 42.3
 96   960000 42.3
 97   970000 45.0
 98   980000 49.0
 99   990000 46.3
100  1000000 44.3
101  1010000 58.7
102  1020000 45.7
103  1030000 54.0
104  1040000 40.0
105  1050000 42.0
106  1060000 56.7
107  1070000 44.0
108  1080000 38.7
109  1090000 27.3
110  1100000 48.3
111  1110000 50.7
112  1120000 45.3
113  1130000 50.7
114  1140000 46.7
115  1150000 41.3
116  1160000 54.3
117  1170000 55.7
118  1180000 42.0
119  1190000 72.0
120  1200000 58.3
121  1210000 67.3
122  1220000 33.0
123  1230000 90.3
124  1240000 59.7
125  1250000 64.7
126  1260000 55.7
127  1270000 53.7
128  1280000 102.0
129  1290000 71.0
130  1300000 49.3
131  1310000 40.7
132  1320000 55.0
133  1330000 57.3
134  1340000 41.7
135  1350000 63.0
136  1360000 35.7
137  1370000 70.7
138  1380000 70.0
139  1390000 62.3
140  1400000 47.0
141  1410000 67.0
142  1420000 67.3
143  1430000 66.0
144  1440000 91.0
145  1450000 63.0
146  1460000 60.7
147  1470000 59.7
148  1480000 59.0
149  1490000 63.7
150  1500000 54.0
151  1510000 58.7
152  1520000 48.3
153  1530000 73.3
154  1540000 68.7
155  1550000 62.7
156  1560000 65.0
157  1570000 61.0
158  1580000 91.3
159  1590000 73.3
160  1600000 89.3
161  1610000 148.3
162  1620000 85.0
163  1630000 77.7
164  1640000 73.3
165  1650000 68.3
166  1660000 65.3
167  1670000 32.7
168  1680000 81.7
169  1690000 59.3
170  1700000 55.0
171  1710000 80.3
172  1720000 69.0
173  1730000 28.7
174  1740000 67.7
175  1750000 64.7
176  1760000 66.3
177  1770000 63.0
178  1780000 72.0
179  1790000 75.0
180  1800000 63.3
181  1810000 83.0
182  1820000 65.7
183  1830000 138.7
184  1840000 102.3
185  1850000 105.7
186  1860000 63.0
187  1870000 197.0
188  1880000 64.0
189  1890000 75.7
190  1900000 121.7
191  1910000 176.7
192  1920000 70.0
193  1930000 106.3
194  1940000 83.0
195  1950000 74.3
196  1960000 213.3
197  1970000 98.7
198  1980000 189.7
199  1990000 116.7
200  2000000 119.3
201  2010000 35.3
202  2020000 128.7
203  2030000 150.3
204  2040000 69.7
205  2050000 80.3
206  2060000 69.0
207  2070000 213.7
208  2080000 72.3
209  2090000 149.7
210  2100000 104.3
211  2110000 172.7
212  2120000 151.0
213  2130000 80.3
214  2140000 143.7
215  2150000 112.7
216  2160000 69.0
217  2170000 64.3
218  2180000 87.3
219  2190000 71.7
220  2200000 104.3
221  2210000 231.0
222  2220000 107.0
223  2230000 151.0
224  2240000 220.0
225  2250000 215.7
226  2260000 171.7
227  2270000 100.3
228  2280000 94.7
229  2290000 177.0
230  2300000 112.3
231  2310000 185.0
232  2320000 217.7
233  2330000 145.0
234  2340000 90.7
235  2350000 98.3
236  2360000 171.3
237  2370000 193.3
238  2380000 124.3
239  2390000 136.0
240  2400000 151.3
241  2410000 201.3
242  2420000 137.0
243  2430000 129.3
244  2440000 135.3
245  2450000 221.0
246  2460000 124.0
247  2470000 92.7
248  2480000 161.7
249  2490000 197.0
250  2500000 134.0
251  2510000 112.3
252  2520000 154.7
253  2530000 148.3
254  2540000 127.0
255  2550000 248.0
256  2560000 173.7
257  2570000 87.0
258  2580000 200.0
259  2590000 191.3
260  2600000 240.3
261  2610000 125.3
262  2620000 245.0
263  2630000 121.7
264  2640000 127.7
265  2650000 150.3
266  2660000 159.7
267  2670000 219.3
268  2680000 71.0
269  2690000 157.0
270  2700000 215.7
271  2710000 150.7
272  2720000 135.0
273  2730000 93.0
274  2740000 192.3
275  2750000 185.0
276  2760000 160.3
277  2770000 142.3
278  2780000 128.7
279  2790000 169.3
280  2800000 65.0
281  2810000 73.7
282  2820000 148.3
283  2830000 161.3
284  2840000 195.7
285  2850000 232.7
286  2860000 201.7
287  2870000 189.3
288  2880000 182.0
289  2890000 137.0
290  2900000 246.3
291  2910000 212.3
292  2920000 154.3
293  2930000 222.7
294  2940000 166.0
295  2950000 146.3
296  2960000 226.3
297  2970000 123.3
298  2980000 162.3
299  2990000 164.3
300  3000000 212.7
301  3010000 151.7
302  3020000 161.3
303  3030000 100.3
304  3040000 238.0
305  3050000 171.7
306  3060000 83.3
307  3070000 216.7
308  3080000 184.3
309  3090000 221.0
310  3100000 134.0
311  3110000 156.3
312  3120000 243.0
313  3130000 159.3
314  3140000 146.3
315  3150000 185.0
316  3160000 148.3
317  3170000 184.7
318  3180000 226.7
319  3190000 201.7
320  3200000 253.3
321  3210000 185.7
322  3220000 212.0
323  3230000 234.0
324  3240000 64.7
325  3250000 176.0
326  3260000 129.0
327  3270000 171.0
328  3280000 128.0
329  3290000 272.3
330  3300000 242.7
331  3310000 238.0
332  3320000 284.0
333  3330000 222.0
334  3340000 171.3
335  3350000 204.0
336  3360000 210.7
337  3370000 240.3
338  3380000 86.7
339  3390000 188.7
340  3400000 108.3
341  3410000 190.7
342  3420000 250.0
343  3430000 177.7
344  3440000 177.7
345  3450000 205.3
346  3460000 173.0
347  3470000 123.3
348  3480000 173.0
349  3490000 174.0
350  3500000 208.0
351  3510000 81.0
352  3520000 106.0
353  3530000 230.3
354  3540000 130.3
355  3550000 185.7
356  3560000 184.7
357  3570000 199.7
358  3580000 78.7
359  3590000 238.0
360  3600000 250.0
361  3610000 89.0
362  3620000 172.0
363  3630000 95.3
364  3640000 178.7
365  3650000 207.3
366  3660000 282.0
367  3670000 173.0
368  3680000 137.0
369  3690000 193.0
370  3700000 172.7
371  3710000 155.3
372  3720000 123.0
373  3730000 178.7
374  3740000 158.3
375  3750000 221.7
376  3760000 146.0
377  3770000 178.3
378  3780000 251.0
379  3790000 203.3
380  3800000 106.0
381  3810000 223.7
382  3820000 186.3
383  3830000 178.0
384  3840000 162.0
385  3850000 217.7
386  3860000 134.3
387  3870000 33.3
388  3880000 155.3
389  3890000 218.3
390  3900000 104.0
391  3910000 98.7
392  3920000 171.3
393  3930000 218.3
394  3940000 199.0
395  3950000 190.0
396  3960000 206.0
397  3970000 222.7
398  3980000 275.0
399  3990000 191.7
400  4000000 189.7
401  4010000 243.0
402  4020000 248.0
403  4030000 238.3
404  4040000 150.7
405  4050000 286.7
406  4060000 213.0
407  4070000 202.3
408  4080000 217.0
409  4090000 167.0
410  4100000 169.3
411  4110000 157.0
412  4120000 40.3
413  4130000 129.7
414  4140000 116.7
415  4150000 172.3
416  4160000 84.3
417  4170000 183.7
418  4180000 241.7
419  4190000 188.7
420  4200000 209.3
421  4210000 230.3
422  4220000 183.3
423  4230000 287.7
424  4240000 229.7
425  4250000 232.3
426  4260000 280.3
427  4270000 185.3
428  4280000 13.7
429  4290000 231.0
430  4300000 125.3
431  4310000 200.3
432  4320000 220.7
433  4330000 130.7
434  4340000 201.3
435  4350000 247.3
436  4360000 174.7
437  4370000 340.7
438  4380000 252.7
439  4390000 127.0
440  4400000 131.0
441  4410000 192.3
442  4420000 240.3
443  4430000 252.7
444  4440000 279.7
445  4450000 134.0
446  4460000 270.3
447  4470000 172.7
448  4480000 219.7
449  4490000 270.0
450  4500000 141.7
451  4510000 166.0
452  4520000 209.3
453  4530000 172.0
454  4540000 142.0
455  4550000 227.3
456  4560000 281.0
457  4570000 155.3
458  4580000 201.3
459  4590000 221.0
460  4600000 199.0
461  4610000 73.3
462  4620000 235.0
463  4630000 231.3
464  4640000 231.0
465  4650000 252.0
466  4660000 160.0
467  4670000 207.7
468  4680000 146.7
469  4690000 273.7
470  4700000 235.3
471  4710000 184.0
472  4720000 182.3
473  4730000 163.7
474  4740000 284.0
475  4750000 230.0
476  4760000 192.3
477  4770000 199.7
478  4780000 163.7
479  4790000 244.7
480  4800000 51.3
481  4810000 243.3
482  4820000 46.0
483  4830000 247.0
484  4840000 224.0
485  4850000 127.3
486  4860000 258.7
487  4870000 240.7
488  4880000 227.0
489  4890000 195.3
490  4900000 189.0
491  4910000 251.3
492  4920000 114.0
493  4930000 265.7
494  4940000 220.3
495  4950000 173.7
496  4960000 100.0
497  4970000 177.0
498  4980000 19.0
499  4990000 54.0
