  0        0 5.7
  1    10000 4.0
  2    20000 4.0
  3    30000 5.7
  4    40000 5.7
  5    50000 4.0
  6    60000 2.0
  7    70000 9.0
  8    80000 0.0
  9    90000 2.0
 10   100000 9.0
 11   110000 9.0
 12   120000 6.3
 13   130000 0.0
 14   140000 9.0
 15   150000 1.0
 16   160000 9.0
 17   170000 6.0
 18   180000 9.0
 19   190000 9.0
 20   200000 5.0
 21   210000 4.3
 22   220000 8.3
 23   230000 3.3
 24   240000 10.3
 25   250000 10.0
 26   260000 13.0
 27   270000 14.0
 28   280000 11.0
 29   290000 11.3
 30   300000 17.0
 31   310000 13.0
 32   320000 9.0
 33   330000 11.3
 34   340000 11.0
 35   350000 14.0
 36   360000 16.0
 37   370000 16.0
 38   380000 20.0
 39   390000 15.7
 40   400000 13.7
 41   410000 12.7
 42   420000 7.0
 43   430000 8.3
 44   440000 10.3
 45   450000 11.7
 46   460000 10.0
 47   470000 11.0
 48   480000 15.0
 49   490000 20.3
 50   500000 13.3
 51   510000 18.7
 52   520000 13.7
 53   530000 15.0
 54   540000 22.0
 55   550000 16.7
 56   560000 24.7
 57   570000 24.0
 58   580000 22.0
 59   590000 17.0
 60   600000 28.0
 61   610000 23.3
 62   620000 18.7
 63   630000 25.3
 64   640000 36.0
 65   650000 26.0
 66   660000 29.3
 67   670000 20.3
 68   680000 25.0
 69   690000 21.0
 70   700000 38.3
 71   710000 25.3
 72   720000 25.3
 73   730000 25.3
 74   740000 32.3
 75   750000 24.3
 76   760000 32.0
 77   770000 23.3
 78   780000 42.0
 79   790000 25.7
 80   800000 36.7
 81   810000 45.0
 82   820000 31.7
 83   830000 27.7
 84   840000 40.7
 85   850000 40.0
 86   860000 37.7
 87   870000 50.3
 88   880000 37.0
 89   890000 42.7
 90   900000 40.3
 91   910000 59.0
 92   920000 53.3
 93   930000 55.0
 94   940000 62.3
 95   950000 41.0
 96   960000 39.7
 97   970000 51.0
 98   980000 44.7
 99   990000 47.0
100  1000000 66.3
101  1010000 54.7
102  1020000 61.0
103  1030000 50.0
104  1040000 61.0
105  1050000 70.7
106  1060000 57.0
107  1070000 66.3
108  1080000 70.7
109  1090000 61.0
110  1100000 57.3
111  1110000 69.3
112  1120000 69.3
113  1130000 75.7
114  1140000 66.0
115  1150000 50.0
116  1160000 80.0
117  1170000 50.3
118  1180000 61.0
119  1190000 100.3
120  1200000 43.7
121  1210000 63.3
122  1220000 69.3
123  1230000 65.3
124  1240000 50.3
125  1250000 64.7
126  1260000 58.3
127  1270000 86.7
128  1280000 57.0
129  1290000 49.0
130  1300000 91.3
131  1310000 45.3
132  1320000 89.7
133  1330000 92.7
134  1340000 82.3
135  1350000 61.0
136  1360000 73.3
137  1370000 78.7
138  1380000 145.0
139  1390000 60.7
140  1400000 79.0
141  1410000 80.0
142  1420000 88.7
143  1430000 80.3
144  1440000 109.3
145  1450000 78.0
146  1460000 89.0
147  1470000 111.0
148  1480000 104.7
149  1490000 167.0
150  1500000 160.0
151  1510000 111.3
152  1520000 210.7
153  1530000 94.3
154  1540000 93.0
155  1550000 55.7
156  1560000 60.3
157  1570000 46.0
158  1580000 69.7
159  1590000 138.7
160  1600000 109.3
161  1610000 68.7
162  1620000 141.7
163  1630000 116.3
164  1640000 113.7
165  1650000 215.7
166  1660000 164.3
167  1670000 98.0
168  1680000 121.7
169  1690000 116.3
170  1700000 129.3
171  1710000 73.7
172  1720000 201.0
173  1730000 149.3
174  1740000 132.7
175  1750000 42.3
176  1760000 196.0
177  1770000 90.7
178  1780000 198.7
179  1790000 194.0
180  1800000 192.3
181  1810000 181.0
182  1820000 97.3
183  1830000 101.7
184  1840000 71.7
185  1850000 187.0
186  1860000 94.7
187  1870000 32.7
188  1880000 194.3
189  1890000 275.7
190  1900000 86.7
191  1910000 243.3
192  1920000 189.7
193  1930000 172.7
194  1940000 117.3
195  1950000 230.3
196  1960000 165.0
197  1970000 132.3
198  1980000 57.0
199  1990000 180.7
200  2000000 182.0
201  2010000 99.0
202  2020000 145.0
203  2030000 103.7
204  2040000 155.3
205  2050000 145.7
206  2060000 190.0
207  2070000 163.3
208  2080000 233.7
209  2090000 91.3
210  2100000 86.3
211  2110000 162.3
212  2120000 218.0
213  2130000 162.3
214  2140000 241.7
215  2150000 127.0
216  2160000 240.3
217  2170000 294.3
218  2180000 230.7
219  2190000 90.7
220  2200000 228.3
221  2210000 211.0
222  2220000 187.3
223  2230000 214.3
224  2240000 173.3
225  2250000 87.0
226  2260000 231.3
227  2270000 227.7
228  2280000 192.7
229  2290000 103.3
230  2300000 272.0
231  2310000 328.7
232  2320000 162.0
233  2330000 271.3
234  2340000 218.7
235  2350000 143.7
236  2360000 185.0
237  2370000 139.3
238  2380000 251.7
239  2390000 213.0
240  2400000 312.7
241  2410000 88.7
242  2420000 223.7
243  2430000 205.7
244  2440000 229.7
245  2450000 135.3
246  2460000 234.7
247  2470000 279.3
248  2480000 224.0
249  2490000 240.0
250  2500000 212.0
251  2510000 234.7
252  2520000 340.0
253  2530000 197.3
254  2540000 174.3
255  2550000 146.3
256  2560000 302.7
257  2570000 277.0
258  2580000 166.7
259  2590000 175.3
260  2600000 184.3
261  2610000 157.0
262  2620000 71.0
263  2630000 120.7
264  2640000 239.7
265  2650000 242.0
266  2660000 264.7
267  2670000 236.3
268  2680000 290.7
269  2690000 103.3
270  2700000 180.7
271  2710000 266.3
272  2720000 300.0
273  2730000 136.7
274  2740000 278.0
275  2750000 201.7
276  2760000 114.3
277  2770000 217.3
278  2780000 232.3
279  2790000 234.3
280  2800000 260.7
281  2810000 203.0
282  2820000 243.0
283  2830000 266.7
284  2840000 246.3
285  2850000 110.7
286  2860000 0.0
287  2870000 216.7
288  2880000 216.3
289  2890000 234.0
290  2900000 167.3
291  2910000 244.7
292  2920000 232.7
293  2930000 235.3
294  2940000 121.3
295  2950000 247.7
296  2960000 251.0
297  2970000 277.7
298  2980000 246.3
299  2990000 143.0
300  3000000 173.7
301  3010000 269.7
302  3020000 233.0
303  3030000 90.7
304  3040000 227.0
305  3050000 202.0
306  3060000 329.0
307  3070000 219.0
308  3080000 249.3
309  3090000 195.3
310  3100000 166.0
311  3110000 236.0
312  3120000 142.3
313  3130000 210.0
314  3140000 319.0
315  3150000 162.3
316  3160000 310.0
317  3170000 164.3
318  3180000 241.0
319  3190000 247.3
320  3200000 210.3
321  3210000 230.7
322  3220000 192.3
323  3230000 225.3
324  3240000 249.7
325  3250000 228.3
326  3260000 236.0
327  3270000 224.3
328  3280000 215.7
329  3290000 203.0
330  3300000 267.0
331  3310000 186.7
332  3320000 174.3
333  3330000 194.7
334  3340000 132.0
335  3350000 198.7
336  3360000 163.7
337  3370000 113.3
338  3380000 233.3
339  3390000 253.7
340  3400000 96.3
341  3410000 240.3
342  3420000 241.7
343  3430000 228.3
344  3440000 179.7
345  3450000 80.3
346  3460000 289.7
347  3470000 94.7
348  3480000 245.0
349  3490000 207.7
350  3500000 267.3
351  3510000 209.7
352  3520000 157.0
353  3530000 266.3
354  3540000 278.7
355  3550000 230.3
356  3560000 109.7
357  3570000 174.3
358  3580000 265.7
359  3590000 256.7
360  3600000 149.3
361  3610000 170.0
362  3620000 213.3
363  3630000 267.0
364  3640000 276.7
365  3650000 210.3
366  3660000 169.0
367  3670000 258.0
368  3680000 230.3
369  3690000 151.7
370  3700000 234.0
371  3710000 206.0
372  3720000 222.3
373  3730000 269.3
374  3740000 254.7
375  3750000 276.3
376  3760000 184.7
377  3770000 259.7
378  3780000 302.7
379  3790000 237.7
380  3800000 188.0
381  3810000 265.7
382  3820000 131.7
383  3830000 248.0
384  3840000 268.7
385  3850000 267.3
386  3860000 228.7
387  3870000 194.3
388  3880000 244.7
389  3890000 31.3
390  3900000 152.0
391  3910000 255.7
392  3920000 245.3
393  3930000 227.7
394  3940000 194.3
395  3950000 249.7
396  3960000 269.0
397  3970000 241.3
398  3980000 211.7
399  3990000 72.0
400  4000000 180.7
401  4010000 197.7
402  4020000 348.7
403  4030000 216.3
404  4040000 177.0
405  4050000 164.7
406  4060000 166.3
407  4070000 250.7
408  4080000 165.3
409  4090000 180.0
410  4100000 228.0
411  4110000 108.7
412  4120000 204.3
413  4130000 170.0
414  4140000 172.3
415  4150000 44.0
416  4160000 192.3
417  4170000 120.0
418  4180000 200.3
419  4190000 213.0
420  4200000 232.0
421  4210000 214.0
422  4220000 286.0
423  4230000 156.0
424  4240000 242.3
425  4250000 313.7
426  4260000 195.0
427  4270000 299.7
428  4280000 216.7
429  4290000 265.0
430  4300000 213.3
431  4310000 114.0
432  4320000 225.0
433  4330000 193.7
434  4340000 213.7
435  4350000 197.7
436  4360000 203.0
437  4370000 204.0
438  4380000 266.7
439  4390000 226.0
440  4400000 214.0
441  4410000 278.0
442  4420000 204.3
443  4430000 169.7
444  4440000 212.3
445  4450000 108.7
446  4460000 291.0
447  4470000 225.7
448  4480000 228.0
449  4490000 230.0
450  4500000 129.0
451  4510000 83.0
452  4520000 210.0
453  4530000 253.3
454  4540000 256.7
455  4550000 137.7
456  4560000 260.7
457  4570000 263.7
458  4580000 247.3
459  4590000 153.0
460  4600000 246.7
461  4610000 64.3
462  4620000 128.3
463  4630000 248.7
464  4640000 218.3
465  4650000 232.0
466  4660000 136.3
467  4670000 254.3
468  4680000 29.3
469  4690000 276.0
470  4700000 219.7
471  4710000 258.0
472  4720000 245.7
473  4730000 226.3
474  4740000 254.3
475  4750000 207.7
476  4760000 272.3
477  4770000 243.7
478  4780000 277.0
479  4790000 200.0
480  4800000 224.3
481  4810000 181.0
482  4820000 190.7
483  4830000 227.3
484  4840000 264.0
485  4850000 157.7
486  4860000 113.0
487  4870000 228.7
488  4880000 204.0
489  4890000 188.0
490  4900000 80.7
491  4910000 266.0
492  4920000 228.7
493  4930000 243.3
494  4940000 191.7
495  4950000 264.7
496  4960000 281.3
497  4970000 275.7
498  4980000 273.7
499  4990000 249.0
