  0        0 3.7
  1    10000 4.0
  2    20000 4.0
  3    30000 4.0
  4    40000 4.0
  5    50000 4.0
  6    60000 0.0
  7    70000 2.0
  8    80000 0.0
  9    90000 5.0
 10   100000 5.0
 11   110000 0.0
 12   120000 1.0
 13   130000 0.0
 14   140000 3.0
 15   150000 0.0
 16   160000 7.0
 17   170000 0.0
 18   180000 0.0
 19   190000 5.0
 20   200000 0.0
 21   210000 5.0
 22   220000 1.0
 23   230000 0.7
 24   240000 5.0
 25   250000 5.0
 26   260000 0.0
 27   270000 4.0
 28   280000 0.0
 29   290000 5.0
 30   300000 0.0
 31   310000 2.0
 32   320000 0.0
 33   330000 3.0
 34   340000 0.3
 35   350000 3.7
 36   360000 5.0
 37   370000 4.0
 38   380000 5.0
 39   390000 0.0
 40   400000 0.0
 41   410000 0.0
 42   420000 0.0
 43   430000 1.0
 44   440000 5.0
 45   450000 0.0
 46   460000 0.0
 47   470000 1.7
