  0        0 6.0
  1    10000 4.7
  2    20000 5.0
  3    30000 4.7
  4    40000 5.3
  5    50000 4.3
  6    60000 0.7
  7    70000 9.0
  8    80000 0.0
  9    90000 0.0
 10   100000 0.0
 11   110000 0.0
 12   120000 0.0
 13   130000 8.7
 14   140000 9.0
 15   150000 9.0
 16   160000 4.0
 17   170000 9.0
 18   180000 9.0
 19   190000 13.7
 20   200000 9.0
 21   210000 15.7
 22   220000 16.0
 23   230000 12.3
 24   240000 15.0
 25   250000 10.7
 26   260000 18.7
 27   270000 13.0
 28   280000 12.7
 29   290000 14.3
 30   300000 13.0
 31   310000 19.0
 32   320000 10.3
 33   330000 14.0
 34   340000 10.7
 35   350000 19.0
 36   360000 16.0
 37   370000 18.0
 38   380000 12.0
 39   390000 12.0
 40   400000 14.0
 41   410000 14.0
 42   420000 14.0
 43   430000 14.0
 44   440000 16.0
 45   450000 22.7
 46   460000 19.3
 47   470000 21.3
 48   480000 26.7
 49   490000 24.0
 50   500000 23.3
 51   510000 20.0
 52   520000 21.7
 53   530000 27.7
 54   540000 22.0
 55   550000 27.7
 56   560000 24.3
 57   570000 21.7
 58   580000 34.3
 59   590000 26.7
 60   600000 21.3
 61   610000 17.0
 62   620000 26.0
 63   630000 25.7
 64   640000 23.0
 65   650000 26.0
 66   660000 21.0
 67   670000 31.3
 68   680000 23.7
 69   690000 28.7
 70   700000 29.0
 71   710000 26.3
 72   720000 21.7
 73   730000 36.3
 74   740000 21.3
 75   750000 25.0
 76   760000 33.0
 77   770000 30.3
 78   780000 31.3
 79   790000 39.0
 80   800000 33.3
 81   810000 41.7
 82   820000 27.7
 83   830000 35.3
 84   840000 38.7
 85   850000 28.0
 86   860000 29.7
 87   870000 35.3
 88   880000 44.3
 89   890000 34.0
 90   900000 40.3
 91   910000 42.3
 92   920000 59.3
 93   930000 49.3
 94   940000 35.3
 95   950000 52.0
 96   960000 50.0
 97   970000 48.3
 98   980000 38.7
 99   990000 47.3
100  1000000 49.0
101  1010000 51.3
102  1020000 44.7
103  1030000 63.7
104  1040000 65.7
105  1050000 46.0
106  1060000 53.3
107  1070000 78.3
108  1080000 69.0
109  1090000 48.7
110  1100000 58.0
111  1110000 53.3
112  1120000 50.7
113  1130000 42.7
114  1140000 73.7
115  1150000 46.7
116  1160000 63.0
117  1170000 64.3
118  1180000 86.0
119  1190000 35.0
120  1200000 50.0
121  1210000 55.3
122  1220000 57.7
123  1230000 62.0
124  1240000 60.0
125  1250000 52.7
126  1260000 54.3
127  1270000 83.0
128  1280000 61.3
129  1290000 76.7
130  1300000 41.0
131  1310000 62.3
132  1320000 46.7
133  1330000 59.0
134  1340000 85.3
135  1350000 76.0
136  1360000 70.7
137  1370000 67.3
138  1380000 79.7
139  1390000 51.3
140  1400000 91.7
141  1410000 70.0
142  1420000 62.3
143  1430000 77.7
144  1440000 84.7
145  1450000 92.0
146  1460000 77.3
147  1470000 73.3
148  1480000 56.7
149  1490000 150.3
150  1500000 71.3
151  1510000 95.3
152  1520000 99.0
153  1530000 86.0
154  1540000 84.0
155  1550000 24.7
156  1560000 84.0
157  1570000 78.3
158  1580000 54.7
159  1590000 54.3
160  1600000 75.3
161  1610000 102.7
162  1620000 60.0
163  1630000 89.3
164  1640000 85.0
165  1650000 82.0
166  1660000 74.3
167  1670000 74.7
168  1680000 201.7
169  1690000 80.3
170  1700000 111.7
171  1710000 87.0
172  1720000 94.3
173  1730000 109.3
174  1740000 92.7
175  1750000 92.3
176  1760000 180.7
177  1770000 87.0
178  1780000 88.3
179  1790000 136.3
180  1800000 109.7
181  1810000 68.7
182  1820000 241.7
183  1830000 63.0
184  1840000 83.0
185  1850000 171.3
186  1860000 131.3
187  1870000 131.3
188  1880000 98.3
189  1890000 199.0
190  1900000 122.7
191  1910000 175.3
192  1920000 86.0
193  1930000 316.3
194  1940000 167.3
195  1950000 53.7
196  1960000 208.7
197  1970000 154.3
198  1980000 94.7
199  1990000 269.7
200  2000000 98.0
201  2010000 102.7
202  2020000 151.3
203  2030000 120.3
204  2040000 110.7
205  2050000 213.0
206  2060000 172.3
207  2070000 194.7
208  2080000 313.7
209  2090000 120.7
210  2100000 137.0
211  2110000 234.7
212  2120000 232.3
213  2130000 168.0
214  2140000 133.7
215  2150000 174.7
216  2160000 79.7
217  2170000 70.3
218  2180000 178.3
219  2190000 271.3
220  2200000 206.3
221  2210000 99.0
222  2220000 278.3
223  2230000 222.7
224  2240000 295.7
225  2250000 213.7
226  2260000 171.3
227  2270000 122.0
228  2280000 105.7
229  2290000 208.3
230  2300000 140.7
231  2310000 269.0
232  2320000 183.7
233  2330000 105.0
234  2340000 147.0
235  2350000 113.3
236  2360000 189.3
237  2370000 212.3
238  2380000 133.7
239  2390000 72.3
240  2400000 257.3
241  2410000 119.0
242  2420000 88.0
243  2430000 108.0
244  2440000 257.0
245  2450000 72.0
246  2460000 194.3
247  2470000 189.3
248  2480000 225.0
249  2490000 172.0
250  2500000 144.7
251  2510000 256.3
252  2520000 119.0
253  2530000 142.3
254  2540000 70.0
255  2550000 152.7
256  2560000 250.3
257  2570000 273.0
258  2580000 228.7
259  2590000 223.7
260  2600000 234.3
261  2610000 241.3
262  2620000 224.3
263  2630000 291.0
264  2640000 310.3
265  2650000 207.0
266  2660000 210.7
267  2670000 269.7
268  2680000 265.3
269  2690000 190.0
270  2700000 243.7
271  2710000 329.0
272  2720000 261.3
273  2730000 242.0
274  2740000 175.3
275  2750000 208.0
276  2760000 216.3
277  2770000 298.3
278  2780000 271.0
279  2790000 320.7
280  2800000 206.3
281  2810000 241.3
282  2820000 250.7
283  2830000 154.0
284  2840000 224.7
285  2850000 115.3
286  2860000 262.7
287  2870000 195.0
288  2880000 23.0
289  2890000 183.7
290  2900000 212.3
291  2910000 184.7
292  2920000 166.3
293  2930000 235.7
294  2940000 313.3
295  2950000 320.7
296  2960000 305.0
297  2970000 99.0
298  2980000 285.7
299  2990000 211.7
300  3000000 385.3
301  3010000 338.3
302  3020000 216.7
303  3030000 88.7
304  3040000 182.3
305  3050000 240.3
306  3060000 175.3
307  3070000 218.3
308  3080000 119.7
309  3090000 291.0
310  3100000 169.7
311  3110000 319.3
312  3120000 18.0
313  3130000 304.0
314  3140000 230.7
315  3150000 90.3
316  3160000 252.0
317  3170000 269.3
318  3180000 40.7
319  3190000 150.3
320  3200000 267.7
321  3210000 218.7
322  3220000 244.3
323  3230000 249.3
324  3240000 305.7
325  3250000 230.0
326  3260000 262.7
327  3270000 282.3
328  3280000 275.7
329  3290000 358.3
330  3300000 161.7
331  3310000 120.0
332  3320000 314.7
333  3330000 170.7
334  3340000 245.0
335  3350000 291.3
336  3360000 131.0
337  3370000 136.0
338  3380000 186.0
339  3390000 229.0
340  3400000 180.0
341  3410000 249.3
342  3420000 152.0
343  3430000 213.0
344  3440000 236.0
345  3450000 223.3
346  3460000 160.7
347  3470000 129.3
348  3480000 96.7
349  3490000 149.0
350  3500000 337.7
351  3510000 259.3
352  3520000 194.3
353  3530000 208.0
354  3540000 319.3
355  3550000 204.0
356  3560000 149.3
357  3570000 247.0
358  3580000 70.0
359  3590000 245.7
360  3600000 250.3
361  3610000 97.3
362  3620000 208.0
363  3630000 190.0
364  3640000 166.3
365  3650000 249.3
366  3660000 283.3
367  3670000 182.3
368  3680000 172.7
369  3690000 195.0
370  3700000 134.7
371  3710000 333.3
372  3720000 120.3
373  3730000 260.0
374  3740000 355.3
375  3750000 206.7
376  3760000 148.0
377  3770000 222.0
378  3780000 200.7
379  3790000 189.0
380  3800000 213.7
381  3810000 245.0
382  3820000 298.3
383  3830000 287.3
384  3840000 254.3
385  3850000 230.0
386  3860000 221.0
387  3870000 219.0
388  3880000 237.7
389  3890000 67.3
390  3900000 277.3
391  3910000 32.0
392  3920000 160.3
393  3930000 310.0
394  3940000 202.7
395  3950000 140.3
396  3960000 249.3
397  3970000 205.3
398  3980000 268.3
399  3990000 29.3
400  4000000 235.0
401  4010000 259.3
402  4020000 212.7
403  4030000 280.3
404  4040000 244.7
405  4050000 244.7
406  4060000 234.0
407  4070000 298.0
408  4080000 203.7
409  4090000 204.7
410  4100000 126.0
411  4110000 193.7
412  4120000 258.0
413  4130000 236.7
414  4140000 223.0
415  4150000 296.3
416  4160000 250.3
417  4170000 279.3
418  4180000 201.0
419  4190000 192.7
420  4200000 240.3
421  4210000 101.3
422  4220000 105.7
423  4230000 251.7
424  4240000 302.3
425  4250000 78.7
426  4260000 154.0
427  4270000 211.7
428  4280000 327.0
429  4290000 175.7
430  4300000 169.0
431  4310000 268.0
432  4320000 250.7
433  4330000 217.0
434  4340000 198.3
435  4350000 306.0
436  4360000 240.3
437  4370000 259.3
438  4380000 195.7
439  4390000 23.0
440  4400000 228.7
441  4410000 358.3
442  4420000 235.7
443  4430000 283.3
444  4440000 192.7
445  4450000 212.3
446  4460000 282.3
447  4470000 296.0
448  4480000 290.7
449  4490000 283.3
450  4500000 224.0
451  4510000 49.7
452  4520000 260.7
453  4530000 263.7
454  4540000 206.0
455  4550000 258.3
456  4560000 276.0
457  4570000 35.0
458  4580000 114.3
459  4590000 157.7
460  4600000 283.7
461  4610000 245.3
462  4620000 230.3
463  4630000 240.3
464  4640000 312.7
465  4650000 197.7
466  4660000 241.0
467  4670000 253.3
468  4680000 142.3
469  4690000 246.3
470  4700000 326.3
471  4710000 326.0
472  4720000 204.0
473  4730000 280.0
474  4740000 249.3
475  4750000 298.0
476  4760000 313.3
477  4770000 238.0
478  4780000 350.7
479  4790000 271.0
480  4800000 195.0
481  4810000 304.0
482  4820000 271.3
483  4830000 15.0
484  4840000 243.7
485  4850000 192.3
486  4860000 28.7
487  4870000 242.7
488  4880000 242.3
489  4890000 284.0
490  4900000 179.3
491  4910000 264.3
492  4920000 244.0
493  4930000 41.0
494  4940000 230.0
495  4950000 100.7
496  4960000 139.7
497  4970000 288.0
498  4980000 26.0
499  4990000 285.7
