  0        0 5.0
  1    10000 5.0
  2    20000 5.0
  3    30000 5.0
  4    40000 5.0
  5    50000 5.0
  6    60000 6.3
  7    70000 7.0
  8    80000 8.0
  9    90000 9.0
 10   100000 6.0
 11   110000 6.7
 12   120000 6.3
 13   130000 14.7
 14   140000 6.3
 15   150000 7.0
 16   160000 9.7
 17   170000 6.3
 18   180000 11.0
 19   190000 6.7
 20   200000 9.3
 21   210000 7.3
 22   220000 7.7
 23   230000 7.3
 24   240000 9.7
 25   250000 6.3
 26   260000 7.3
 27   270000 9.3
 28   280000 6.3
 29   290000 6.3
 30   300000 7.7
 31   310000 11.3
 32   320000 10.7
 33   330000 7.3
 34   340000 10.7
 35   350000 8.3
 36   360000 6.3
 37   370000 6.0
 38   380000 7.3
 39   390000 6.0
 40   400000 8.0
 41   410000 7.7
 42   420000 6.3
 43   430000 7.7
 44   440000 8.3
 45   450000 11.7
 46   460000 10.0
 47   470000 6.3
 48   480000 12.0
 49   490000 9.0
 50   500000 12.0
 51   510000 11.3
 52   520000 10.0
 53   530000 11.0
 54   540000 10.7
 55   550000 15.0
 56   560000 10.0
 57   570000 10.3
 58   580000 12.0
 59   590000 11.3
 60   600000 10.7
 61   610000 10.0
 62   620000 11.0
 63   630000 9.7
 64   640000 11.0
 65   650000 10.7
 66   660000 10.7
 67   670000 11.3
 68   680000 19.7
 69   690000 10.3
 70   700000 20.0
 71   710000 20.0
 72   720000 10.0
 73   730000 9.0
 74   740000 9.7
 75   750000 19.7
 76   760000 20.0
 77   770000 20.0
 78   780000 19.3
 79   790000 20.0
 80   800000 20.0
 81   810000 19.0
 82   820000 20.0
 83   830000 16.3
 84   840000 18.3
 85   850000 20.0
 86   860000 20.0
 87   870000 23.7
 88   880000 25.0
 89   890000 16.7
 90   900000 24.0
 91   910000 22.3
 92   920000 16.0
 93   930000 25.0
 94   940000 28.0
 95   950000 18.3
 96   960000 20.3
 97   970000 17.7
 98   980000 24.0
 99   990000 24.3
100  1000000 23.0
101  1010000 19.0
102  1020000 18.0
103  1030000 19.7
104  1040000 29.3
105  1050000 36.0
106  1060000 14.0
107  1070000 25.7
108  1080000 21.0
109  1090000 19.7
110  1100000 17.0
111  1110000 14.3
112  1120000 17.0
113  1130000 25.0
114  1140000 25.0
115  1150000 20.7
116  1160000 31.0
117  1170000 24.3
118  1180000 34.3
119  1190000 25.0
120  1200000 42.0
121  1210000 26.0
122  1220000 31.7
123  1230000 23.7
124  1240000 26.0
125  1250000 30.3
126  1260000 27.0
127  1270000 23.7
128  1280000 33.3
129  1290000 23.7
130  1300000 26.7
131  1310000 39.7
132  1320000 26.3
133  1330000 29.0
134  1340000 28.0
135  1350000 31.7
136  1360000 28.3
137  1370000 33.3
138  1380000 28.7
139  1390000 27.3
140  1400000 52.3
141  1410000 42.0
142  1420000 51.0
143  1430000 29.3
144  1440000 35.3
145  1450000 38.7
146  1460000 39.0
147  1470000 38.7
148  1480000 33.7
149  1490000 23.0
150  1500000 32.0
151  1510000 29.0
152  1520000 42.0
153  1530000 40.7
154  1540000 31.0
155  1550000 32.0
156  1560000 45.3
157  1570000 39.0
158  1580000 30.7
159  1590000 25.7
160  1600000 33.0
161  1610000 26.0
162  1620000 30.3
163  1630000 25.7
164  1640000 41.0
165  1650000 22.0
166  1660000 44.3
167  1670000 35.3
168  1680000 38.3
169  1690000 33.0
170  1700000 34.3
171  1710000 26.7
172  1720000 37.3
173  1730000 26.0
174  1740000 44.3
175  1750000 28.7
176  1760000 33.7
177  1770000 52.0
178  1780000 36.0
179  1790000 47.0
180  1800000 36.0
181  1810000 48.7
182  1820000 35.7
183  1830000 49.0
184  1840000 36.3
185  1850000 38.0
186  1860000 48.0
187  1870000 53.0
188  1880000 42.3
189  1890000 66.7
190  1900000 48.3
191  1910000 33.3
192  1920000 49.0
193  1930000 48.0
194  1940000 49.0
195  1950000 36.0
196  1960000 52.0
197  1970000 50.3
198  1980000 49.3
199  1990000 73.7
200  2000000 45.7
201  2010000 39.7
202  2020000 53.3
203  2030000 56.7
204  2040000 64.0
205  2050000 55.7
206  2060000 26.0
207  2070000 61.7
208  2080000 48.7
209  2090000 68.7
210  2100000 49.7
211  2110000 72.3
212  2120000 55.7
213  2130000 59.3
214  2140000 46.3
215  2150000 87.0
216  2160000 45.7
217  2170000 56.0
218  2180000 47.7
219  2190000 33.3
220  2200000 58.7
221  2210000 52.3
222  2220000 61.0
223  2230000 76.7
224  2240000 50.3
225  2250000 62.7
226  2260000 79.7
227  2270000 72.0
228  2280000 44.7
229  2290000 56.3
230  2300000 76.7
231  2310000 57.3
232  2320000 67.3
233  2330000 86.7
234  2340000 52.0
235  2350000 64.3
236  2360000 80.0
237  2370000 42.0
238  2380000 107.0
239  2390000 69.7
240  2400000 78.3
241  2410000 61.0
242  2420000 103.7
243  2430000 70.0
244  2440000 70.0
245  2450000 57.3
246  2460000 84.3
247  2470000 82.0
248  2480000 77.0
249  2490000 71.0
250  2500000 79.3
251  2510000 71.3
252  2520000 73.3
253  2530000 78.3
254  2540000 56.0
255  2550000 141.0
256  2560000 74.7
257  2570000 73.7
258  2580000 77.0
259  2590000 114.0
260  2600000 100.0
261  2610000 83.0
262  2620000 74.3
263  2630000 80.0
264  2640000 165.7
265  2650000 93.7
266  2660000 105.7
267  2670000 70.7
268  2680000 129.7
269  2690000 96.3
270  2700000 34.3
271  2710000 90.0
272  2720000 74.0
273  2730000 58.7
274  2740000 66.3
275  2750000 90.3
276  2760000 73.0
277  2770000 109.7
278  2780000 76.0
279  2790000 71.3
280  2800000 98.7
281  2810000 88.0
282  2820000 112.3
283  2830000 58.3
284  2840000 88.7
285  2850000 93.0
286  2860000 120.0
287  2870000 97.0
288  2880000 84.3
289  2890000 62.7
290  2900000 93.7
291  2910000 54.7
292  2920000 64.7
293  2930000 83.7
294  2940000 142.3
295  2950000 108.0
296  2960000 134.0
297  2970000 115.3
298  2980000 95.3
299  2990000 159.3
300  3000000 86.3
301  3010000 89.3
302  3020000 118.7
303  3030000 82.0
304  3040000 92.3
305  3050000 96.0
306  3060000 76.3
307  3070000 85.3
308  3080000 146.3
309  3090000 88.0
310  3100000 163.0
311  3110000 72.3
312  3120000 75.7
313  3130000 87.7
314  3140000 105.0
315  3150000 68.3
316  3160000 137.7
317  3170000 155.7
318  3180000 106.7
319  3190000 122.3
320  3200000 122.3
321  3210000 94.7
322  3220000 117.3
323  3230000 200.3
324  3240000 91.0
325  3250000 116.3
326  3260000 112.3
327  3270000 69.3
328  3280000 92.0
329  3290000 92.7
330  3300000 137.7
331  3310000 96.3
332  3320000 144.3
333  3330000 138.3
334  3340000 120.0
335  3350000 109.7
336  3360000 96.0
337  3370000 126.0
338  3380000 175.3
339  3390000 97.0
340  3400000 138.0
341  3410000 92.0
342  3420000 133.0
343  3430000 94.7
344  3440000 165.3
345  3450000 111.3
346  3460000 181.7
347  3470000 124.7
348  3480000 116.7
349  3490000 157.7
350  3500000 165.3
351  3510000 161.0
352  3520000 147.0
353  3530000 122.7
354  3540000 146.7
355  3550000 172.3
356  3560000 141.7
357  3570000 159.3
358  3580000 131.3
359  3590000 112.0
360  3600000 168.7
361  3610000 117.0
362  3620000 148.7
363  3630000 145.0
364  3640000 192.7
365  3650000 154.0
366  3660000 219.3
367  3670000 93.0
368  3680000 129.0
369  3690000 108.3
370  3700000 184.0
371  3710000 213.0
372  3720000 147.7
373  3730000 108.3
374  3740000 86.7
375  3750000 127.7
376  3760000 138.7
377  3770000 116.3
378  3780000 221.3
379  3790000 223.3
380  3800000 175.7
381  3810000 173.3
382  3820000 160.0
383  3830000 143.0
384  3840000 241.7
385  3850000 87.7
386  3860000 153.0
387  3870000 138.0
388  3880000 102.7
389  3890000 172.7
390  3900000 124.3
391  3910000 110.3
392  3920000 88.0
393  3930000 100.7
394  3940000 150.0
395  3950000 125.7
396  3960000 145.3
397  3970000 201.7
398  3980000 91.3
399  3990000 117.7
400  4000000 272.7
401  4010000 94.7
402  4020000 99.7
403  4030000 110.7
404  4040000 176.7
405  4050000 109.7
406  4060000 115.0
407  4070000 175.3
408  4080000 137.7
409  4090000 127.3
410  4100000 146.3
411  4110000 156.3
412  4120000 86.3
413  4130000 142.0
414  4140000 127.7
415  4150000 160.0
416  4160000 133.3
417  4170000 118.0
418  4180000 112.3
419  4190000 126.7
420  4200000 163.7
421  4210000 107.0
422  4220000 157.0
423  4230000 359.3
424  4240000 263.7
425  4250000 188.3
426  4260000 167.3
427  4270000 205.0
428  4280000 339.3
429  4290000 241.0
430  4300000 79.7
431  4310000 143.7
432  4320000 165.3
433  4330000 117.3
434  4340000 219.0
435  4350000 196.7
436  4360000 117.0
437  4370000 191.3
438  4380000 520.0
439  4390000 139.3
440  4400000 420.0
441  4410000 335.0
442  4420000 297.0
443  4430000 516.7
444  4440000 202.7
445  4450000 579.3
446  4460000 247.7
447  4470000 603.7
448  4480000 999.3
449  4490000 507.3
450  4500000 579.7
451  4510000 393.0
452  4520000 156.3
453  4530000 321.3
454  4540000 666.0
455  4550000 389.0
456  4560000 515.7
457  4570000 424.7
458  4580000 270.3
459  4590000 273.0
460  4600000 213.7
461  4610000 391.7
462  4620000 236.7
463  4630000 550.3
464  4640000 177.0
465  4650000 529.0
466  4660000 414.0
467  4670000 1030.7
468  4680000 289.7
469  4690000 499.7
470  4700000 849.3
471  4710000 534.0
472  4720000 587.3
473  4730000 543.3
474  4740000 437.3
475  4750000 949.0
476  4760000 526.7
477  4770000 473.7
478  4780000 867.3
479  4790000 444.0
480  4800000 343.7
481  4810000 692.0
482  4820000 436.3
483  4830000 676.3
484  4840000 156.7
485  4850000 444.7
486  4860000 340.0
487  4870000 623.0
488  4880000 768.3
489  4890000 496.7
490  4900000 523.3
491  4910000 559.0
492  4920000 814.3
493  4930000 341.3
494  4940000 303.0
495  4950000 390.3
496  4960000 629.0
497  4970000 531.3
498  4980000 580.7
499  4990000 502.0
