  0        0 0.0
  1    10000 0.0
  2    20000 0.0
  3    30000 0.0
  4    40000 0.0
  5    50000 0.0
  6    60000 1.0
  7    70000 9.0
  8    80000 5.0
  9    90000 1.0
 10   100000 0.0
 11   110000 4.0
 12   120000 9.0
 13   130000 9.0
 14   140000 0.0
 15   150000 9.0
 16   160000 4.0
 17   170000 9.0
 18   180000 6.3
 19   190000 10.3
 20   200000 6.0
 21   210000 6.3
 22   220000 8.0
 23   230000 9.0
 24   240000 6.0
 25   250000 10.7
 26   260000 12.3
 27   270000 7.7
 28   280000 14.0
 29   290000 17.3
 30   300000 11.0
 31   310000 9.0
 32   320000 10.7
 33   330000 12.0
 34   340000 12.0
 35   350000 13.7
 36   360000 17.7
 37   370000 14.7
 38   380000 16.7
 39   390000 15.3
 40   400000 9.0
 41   410000 14.0
 42   420000 11.0
 43   430000 9.0
 44   440000 10.7
 45   450000 17.3
 46   460000 9.3
 47   470000 14.0
 48   480000 19.0
 49   490000 19.0
 50   500000 19.0
 51   510000 15.7
 52   520000 16.7
 53   530000 24.3
 54   540000 14.0
 55   550000 19.0
 56   560000 15.7
 57   570000 21.7
 58   580000 24.7
 59   590000 15.0
 60   600000 21.7
 61   610000 22.7
 62   620000 19.3
 63   630000 19.7
 64   640000 24.7
 65   650000 18.0
 66   660000 27.7
 67   670000 24.7
 68   680000 28.0
 69   690000 31.3
 70   700000 33.0
 71   710000 32.3
 72   720000 30.0
 73   730000 27.3
 74   740000 37.7
 75   750000 30.7
 76   760000 34.7
 77   770000 37.3
 78   780000 45.7
 79   790000 31.7
 80   800000 38.0
 81   810000 33.7
 82   820000 45.3
 83   830000 36.7
 84   840000 40.7
 85   850000 32.7
 86   860000 36.7
 87   870000 33.3
 88   880000 34.3
 89   890000 43.0
 90   900000 44.7
 91   910000 35.0
 92   920000 38.7
 93   930000 32.3
 94   940000 45.3
 95   950000 45.3
 96   960000 46.3
 97   970000 46.3
 98   980000 46.3
 99   990000 41.7
100  1000000 54.0
101  1010000 47.7
102  1020000 46.7
103  1030000 55.0
104  1040000 44.7
105  1050000 54.0
106  1060000 48.0
107  1070000 49.3
108  1080000 62.0
109  1090000 53.0
110  1100000 64.7
111  1110000 51.7
112  1120000 69.0
113  1130000 78.3
114  1140000 77.0
115  1150000 43.7
116  1160000 72.0
117  1170000 63.0
118  1180000 68.3
119  1190000 45.3
120  1200000 62.3
121  1210000 64.0
122  1220000 68.0
123  1230000 74.3
124  1240000 37.7
125  1250000 59.3
126  1260000 131.0
127  1270000 64.3
128  1280000 44.7
129  1290000 79.7
130  1300000 81.3
131  1310000 56.7
132  1320000 160.3
133  1330000 63.0
134  1340000 62.0
135  1350000 82.7
136  1360000 51.7
137  1370000 93.3
138  1380000 72.3
139  1390000 55.7
140  1400000 115.0
141  1410000 51.3
142  1420000 92.0
143  1430000 50.0
144  1440000 84.7
145  1450000 104.3
146  1460000 53.0
147  1470000 78.0
148  1480000 91.3
149  1490000 77.3
150  1500000 102.3
151  1510000 123.3
152  1520000 89.0
153  1530000 88.3
154  1540000 78.3
155  1550000 114.3
156  1560000 63.7
157  1570000 57.3
158  1580000 100.0
159  1590000 70.7
160  1600000 182.7
161  1610000 42.0
162  1620000 99.7
163  1630000 85.7
164  1640000 126.3
165  1650000 82.7
166  1660000 98.0
167  1670000 112.0
168  1680000 72.0
169  1690000 116.0
170  1700000 73.7
171  1710000 72.0
172  1720000 72.0
173  1730000 64.7
174  1740000 250.3
175  1750000 48.0
176  1760000 95.7
177  1770000 135.0
178  1780000 60.0
179  1790000 84.0
180  1800000 66.0
181  1810000 126.3
182  1820000 98.7
183  1830000 175.3
184  1840000 97.0
185  1850000 96.7
186  1860000 152.3
187  1870000 141.0
188  1880000 88.7
189  1890000 100.3
190  1900000 251.3
191  1910000 129.0
192  1920000 161.3
193  1930000 173.7
194  1940000 183.0
195  1950000 137.3
196  1960000 82.3
197  1970000 205.7
198  1980000 69.7
199  1990000 154.3
200  2000000 83.0
201  2010000 142.7
202  2020000 47.0
203  2030000 139.7
204  2040000 120.7
205  2050000 307.7
206  2060000 152.0
207  2070000 102.0
208  2080000 113.0
209  2090000 189.7
210  2100000 153.0
211  2110000 82.7
212  2120000 170.0
213  2130000 72.7
214  2140000 132.3
215  2150000 87.3
216  2160000 208.3
217  2170000 159.0
218  2180000 97.0
219  2190000 63.7
220  2200000 210.7
221  2210000 71.3
222  2220000 207.3
223  2230000 110.3
224  2240000 124.3
225  2250000 136.7
226  2260000 232.7
227  2270000 148.7
228  2280000 196.3
229  2290000 185.0
230  2300000 64.7
231  2310000 145.7
232  2320000 239.3
233  2330000 246.7
234  2340000 193.3
235  2350000 157.0
236  2360000 144.3
237  2370000 237.0
238  2380000 186.3
239  2390000 246.3
240  2400000 25.3
241  2410000 168.7
242  2420000 172.3
243  2430000 157.0
244  2440000 98.3
245  2450000 214.3
246  2460000 225.3
247  2470000 94.3
248  2480000 157.3
249  2490000 270.3
250  2500000 163.7
251  2510000 135.3
252  2520000 200.7
253  2530000 268.7
254  2540000 84.3
255  2550000 123.0
256  2560000 141.3
257  2570000 161.0
258  2580000 234.0
259  2590000 166.3
260  2600000 216.0
261  2610000 195.7
262  2620000 259.0
263  2630000 91.0
264  2640000 204.7
265  2650000 171.0
266  2660000 73.7
267  2670000 223.7
268  2680000 283.0
269  2690000 63.7
270  2700000 20.7
271  2710000 231.7
272  2720000 195.3
273  2730000 268.7
274  2740000 204.0
275  2750000 73.0
276  2760000 149.0
277  2770000 248.0
278  2780000 123.7
279  2790000 76.0
280  2800000 128.7
281  2810000 51.7
282  2820000 249.3
283  2830000 227.3
284  2840000 132.0
285  2850000 242.7
286  2860000 154.0
287  2870000 53.3
288  2880000 178.0
289  2890000 162.7
290  2900000 132.7
291  2910000 175.7
292  2920000 268.7
293  2930000 254.0
294  2940000 197.3
295  2950000 308.7
296  2960000 119.3
297  2970000 207.0
298  2980000 213.7
299  2990000 261.0
300  3000000 119.0
301  3010000 230.0
302  3020000 236.3
303  3030000 175.3
304  3040000 211.7
305  3050000 224.3
306  3060000 156.3
307  3070000 282.7
308  3080000 31.7
309  3090000 248.0
310  3100000 161.7
311  3110000 259.0
312  3120000 204.3
313  3130000 174.3
314  3140000 214.3
315  3150000 33.3
316  3160000 259.7
317  3170000 131.0
318  3180000 256.3
319  3190000 226.0
320  3200000 228.7
321  3210000 209.3
322  3220000 170.0
323  3230000 210.3
324  3240000 179.0
325  3250000 86.0
326  3260000 198.7
327  3270000 184.0
328  3280000 234.0
329  3290000 222.3
330  3300000 254.3
331  3310000 288.7
332  3320000 128.7
333  3330000 230.7
334  3340000 228.0
335  3350000 147.3
336  3360000 236.3
337  3370000 197.0
338  3380000 227.3
339  3390000 171.0
340  3400000 147.0
341  3410000 75.7
342  3420000 206.7
343  3430000 216.3
344  3440000 242.7
345  3450000 151.0
346  3460000 251.0
347  3470000 152.0
348  3480000 204.0
349  3490000 244.0
350  3500000 131.0
351  3510000 65.3
352  3520000 140.0
353  3530000 193.0
354  3540000 239.0
355  3550000 237.7
356  3560000 38.0
357  3570000 254.0
358  3580000 118.7
359  3590000 248.3
360  3600000 290.3
361  3610000 154.7
362  3620000 250.0
363  3630000 146.3
364  3640000 88.0
365  3650000 158.7
366  3660000 240.7
367  3670000 168.3
368  3680000 313.3
369  3690000 60.3
370  3700000 209.3
371  3710000 202.3
372  3720000 259.0
373  3730000 58.0
374  3740000 262.3
375  3750000 125.7
376  3760000 226.3
377  3770000 36.7
378  3780000 82.0
379  3790000 320.0
380  3800000 92.3
381  3810000 227.7
382  3820000 157.0
383  3830000 278.3
384  3840000 140.0
385  3850000 182.0
386  3860000 223.3
387  3870000 241.0
388  3880000 279.7
389  3890000 245.0
390  3900000 255.3
391  3910000 186.7
392  3920000 233.3
393  3930000 205.7
394  3940000 269.3
395  3950000 175.0
396  3960000 131.3
397  3970000 276.7
398  3980000 274.7
399  3990000 365.7
400  4000000 192.7
401  4010000 251.0
402  4020000 89.3
403  4030000 316.7
404  4040000 238.3
405  4050000 64.3
406  4060000 271.7
407  4070000 241.3
408  4080000 225.0
409  4090000 261.7
410  4100000 194.7
411  4110000 267.3
412  4120000 293.3
413  4130000 234.0
414  4140000 227.7
415  4150000 225.7
416  4160000 106.0
417  4170000 77.3
418  4180000 20.7
419  4190000 310.0
420  4200000 252.7
421  4210000 324.3
422  4220000 174.0
423  4230000 337.0
424  4240000 314.3
425  4250000 304.3
426  4260000 269.0
427  4270000 124.7
428  4280000 269.3
429  4290000 249.0
430  4300000 221.0
431  4310000 364.0
432  4320000 167.7
433  4330000 219.0
434  4340000 288.0
435  4350000 225.0
436  4360000 20.3
437  4370000 337.0
438  4380000 296.7
439  4390000 353.0
440  4400000 86.7
441  4410000 202.0
442  4420000 243.7
443  4430000 261.0
444  4440000 122.7
445  4450000 268.7
446  4460000 286.3
447  4470000 246.0
448  4480000 258.7
449  4490000 218.3
450  4500000 256.3
451  4510000 197.0
452  4520000 246.0
453  4530000 345.0
454  4540000 288.0
455  4550000 176.7
456  4560000 242.7
457  4570000 33.0
458  4580000 239.7
459  4590000 259.7
460  4600000 247.0
461  4610000 49.0
462  4620000 279.0
463  4630000 374.7
464  4640000 224.3
465  4650000 293.0
466  4660000 281.0
467  4670000 277.0
468  4680000 223.7
469  4690000 246.7
470  4700000 252.7
471  4710000 282.0
472  4720000 316.7
473  4730000 222.0
474  4740000 268.7
475  4750000 300.3
476  4760000 58.7
477  4770000 307.0
478  4780000 96.7
479  4790000 101.0
480  4800000 132.7
481  4810000 294.7
482  4820000 9.0
483  4830000 170.0
484  4840000 265.3
485  4850000 258.7
486  4860000 338.0
487  4870000 283.7
488  4880000 28.3
489  4890000 207.0
490  4900000 218.7
491  4910000 41.3
492  4920000 302.3
493  4930000 284.3
494  4940000 330.0
495  4950000 233.3
496  4960000 304.0
497  4970000 296.7
498  4980000 94.0
499  4990000 63.7
