  0        0 9.0
  1    10000 9.0
  2    20000 9.0
  3    30000 9.0
  4    40000 9.0
  5    50000 9.0
  6    60000 5.0
  7    70000 9.0
  8    80000 0.0
  9    90000 0.0
 10   100000 0.3
 11   110000 2.0
 12   120000 1.0
 13   130000 5.0
 14   140000 0.0
 15   150000 0.7
 16   160000 3.0
 17   170000 0.0
 18   180000 3.0
 19   190000 7.7
 20   200000 5.0
 21   210000 8.7
 22   220000 2.0
 23   230000 0.0
 24   240000 1.0
 25   250000 0.0
 26   260000 0.0
 27   270000 1.0
 28   280000 1.0
 29   290000 9.0
 30   300000 9.0
 31   310000 9.0
 32   320000 9.0
 33   330000 3.0
 34   340000 3.0
 35   350000 9.0
 36   360000 9.0
 37   370000 3.7
 38   380000 9.0
 39   390000 9.0
 40   400000 9.0
 41   410000 12.7
 42   420000 9.3
 43   430000 11.7
 44   440000 12.3
 45   450000 6.0
 46   460000 9.3
 47   470000 11.0
 48   480000 9.0
 49   490000 9.0
 50   500000 9.0
 51   510000 3.7
 52   520000 9.0
 53   530000 9.0
 54   540000 9.0
 55   550000 9.3
 56   560000 10.3
 57   570000 10.0
 58   580000 10.7
 59   590000 9.7
 60   600000 12.3
 61   610000 9.0
 62   620000 11.3
 63   630000 9.0
 64   640000 8.0
 65   650000 12.7
 66   660000 9.0
 67   670000 9.0
 68   680000 7.3
 69   690000 9.0
 70   700000 13.0
 71   710000 10.3
 72   720000 8.0
 73   730000 9.0
 74   740000 7.7
 75   750000 9.0
 76   760000 10.0
 77   770000 10.0
 78   780000 10.0
 79   790000 9.3
 80   800000 10.7
 81   810000 10.0
 82   820000 12.0
 83   830000 10.0
 84   840000 10.0
 85   850000 11.7
 86   860000 13.3
 87   870000 10.0
 88   880000 10.7
 89   890000 10.3
 90   900000 13.0
 91   910000 10.7
 92   920000 10.0
 93   930000 15.3
 94   940000 13.0
 95   950000 12.3
 96   960000 13.0
 97   970000 12.0
 98   980000 12.0
 99   990000 11.0
100  1000000 11.0
101  1010000 14.7
102  1020000 11.0
103  1030000 10.3
104  1040000 11.7
105  1050000 11.7
106  1060000 14.7
107  1070000 11.3
108  1080000 11.0
109  1090000 12.0
110  1100000 15.0
111  1110000 12.7
112  1120000 10.0
113  1130000 17.3
114  1140000 14.7
115  1150000 12.0
116  1160000 10.0
117  1170000 10.0
118  1180000 11.0
119  1190000 10.7
120  1200000 10.7
121  1210000 12.0
122  1220000 11.3
123  1230000 10.0
124  1240000 11.0
125  1250000 12.0
126  1260000 13.0
127  1270000 13.0
128  1280000 15.0
129  1290000 15.3
130  1300000 13.3
131  1310000 12.0
132  1320000 12.7
133  1330000 14.3
134  1340000 11.0
135  1350000 20.0
136  1360000 15.0
137  1370000 12.0
138  1380000 16.7
139  1390000 15.3
140  1400000 15.0
141  1410000 15.3
142  1420000 12.3
143  1430000 12.3
144  1440000 15.0
145  1450000 14.0
146  1460000 16.0
147  1470000 15.0
148  1480000 14.0
149  1490000 17.3
150  1500000 12.0
151  1510000 16.0
152  1520000 15.0
153  1530000 16.0
154  1540000 13.7
155  1550000 14.0
156  1560000 14.3
157  1570000 17.3
158  1580000 14.0
159  1590000 11.7
160  1600000 16.0
161  1610000 16.7
162  1620000 16.0
163  1630000 12.0
164  1640000 18.0
165  1650000 21.7
166  1660000 18.0
167  1670000 18.0
168  1680000 17.7
169  1690000 16.0
170  1700000 13.0
171  1710000 21.0
172  1720000 12.7
173  1730000 14.0
174  1740000 18.7
175  1750000 11.0
176  1760000 18.7
177  1770000 14.3
178  1780000 18.3
179  1790000 14.0
180  1800000 13.0
181  1810000 13.7
182  1820000 20.0
183  1830000 15.7
184  1840000 14.7
185  1850000 19.3
186  1860000 24.3
187  1870000 14.0
188  1880000 19.3
189  1890000 18.0
190  1900000 20.0
191  1910000 19.3
192  1920000 22.0
193  1930000 16.3
194  1940000 25.0
195  1950000 21.0
196  1960000 22.0
197  1970000 21.0
198  1980000 22.0
199  1990000 20.0
200  2000000 19.0
201  2010000 15.0
202  2020000 16.0
203  2030000 25.7
204  2040000 15.3
205  2050000 18.0
206  2060000 23.3
207  2070000 17.0
208  2080000 15.7
209  2090000 21.3
210  2100000 18.0
211  2110000 17.0
212  2120000 20.3
213  2130000 16.0
214  2140000 20.3
215  2150000 20.7
216  2160000 23.3
217  2170000 21.7
218  2180000 16.0
219  2190000 22.7
220  2200000 26.0
221  2210000 15.3
222  2220000 18.0
223  2230000 23.3
224  2240000 22.7
225  2250000 24.7
226  2260000 22.3
227  2270000 22.3
228  2280000 26.0
229  2290000 22.7
230  2300000 21.0
231  2310000 18.3
232  2320000 24.7
233  2330000 16.3
234  2340000 19.7
235  2350000 21.3
236  2360000 18.0
237  2370000 21.7
238  2380000 19.3
239  2390000 30.0
240  2400000 15.3
241  2410000 16.0
242  2420000 12.0
243  2430000 22.7
244  2440000 26.7
245  2450000 19.0
246  2460000 16.0
247  2470000 21.3
248  2480000 25.3
249  2490000 29.0
250  2500000 24.7
251  2510000 28.3
252  2520000 29.0
253  2530000 28.0
254  2540000 24.0
255  2550000 27.7
256  2560000 23.0
257  2570000 27.7
258  2580000 20.0
259  2590000 24.3
260  2600000 28.7
261  2610000 29.7
262  2620000 24.3
263  2630000 28.3
264  2640000 25.0
265  2650000 24.0
266  2660000 20.0
267  2670000 21.3
268  2680000 29.0
269  2690000 26.3
270  2700000 33.3
271  2710000 24.3
272  2720000 25.3
273  2730000 20.3
274  2740000 17.0
275  2750000 31.0
276  2760000 33.3
277  2770000 26.3
278  2780000 28.0
279  2790000 31.3
280  2800000 33.0
281  2810000 30.7
282  2820000 23.7
283  2830000 27.0
284  2840000 31.3
285  2850000 34.0
286  2860000 25.7
287  2870000 26.7
288  2880000 30.3
289  2890000 31.0
290  2900000 36.0
291  2910000 33.0
292  2920000 32.0
293  2930000 27.0
294  2940000 32.0
295  2950000 30.0
296  2960000 26.7
297  2970000 34.3
298  2980000 36.0
299  2990000 30.0
300  3000000 39.0
301  3010000 28.3
302  3020000 29.3
303  3030000 39.3
304  3040000 29.0
305  3050000 32.7
306  3060000 32.0
307  3070000 19.0
308  3080000 31.3
309  3090000 38.3
310  3100000 36.0
311  3110000 29.0
312  3120000 27.0
313  3130000 36.0
314  3140000 31.3
315  3150000 28.0
316  3160000 26.7
317  3170000 34.0
318  3180000 34.3
319  3190000 34.3
320  3200000 31.3
321  3210000 37.3
322  3220000 40.3
323  3230000 33.3
324  3240000 50.0
325  3250000 39.7
326  3260000 33.7
327  3270000 52.3
328  3280000 40.0
329  3290000 20.0
330  3300000 31.0
331  3310000 46.3
332  3320000 39.7
333  3330000 34.7
334  3340000 39.7
335  3350000 32.3
336  3360000 37.7
337  3370000 33.0
338  3380000 37.0
339  3390000 35.0
340  3400000 28.7
341  3410000 37.3
342  3420000 29.7
343  3430000 39.3
344  3440000 35.3
345  3450000 41.3
346  3460000 37.7
347  3470000 40.3
348  3480000 30.7
349  3490000 29.7
350  3500000 39.3
351  3510000 39.0
352  3520000 31.0
353  3530000 38.0
354  3540000 32.0
355  3550000 35.7
356  3560000 39.3
357  3570000 35.7
358  3580000 33.7
359  3590000 42.7
360  3600000 56.3
361  3610000 46.0
362  3620000 33.7
363  3630000 25.3
364  3640000 35.7
365  3650000 47.7
366  3660000 46.0
367  3670000 37.7
368  3680000 46.0
369  3690000 40.0
370  3700000 40.7
371  3710000 44.0
372  3720000 43.7
373  3730000 38.0
374  3740000 38.3
375  3750000 36.7
376  3760000 32.7
377  3770000 44.0
378  3780000 44.7
379  3790000 35.3
380  3800000 43.3
381  3810000 42.3
382  3820000 43.0
383  3830000 39.3
384  3840000 47.3
385  3850000 51.0
386  3860000 42.3
387  3870000 46.7
388  3880000 43.0
389  3890000 39.7
390  3900000 32.0
391  3910000 35.7
392  3920000 48.0
393  3930000 48.3
394  3940000 44.7
395  3950000 36.7
396  3960000 36.7
397  3970000 55.0
398  3980000 38.7
399  3990000 48.0
400  4000000 33.0
401  4010000 46.3
402  4020000 38.7
403  4030000 53.0
404  4040000 37.0
405  4050000 35.7
406  4060000 47.7
407  4070000 50.7
408  4080000 48.7
409  4090000 44.3
410  4100000 45.7
411  4110000 45.0
412  4120000 42.7
413  4130000 37.0
414  4140000 43.3
415  4150000 52.0
416  4160000 45.0
417  4170000 54.3
418  4180000 44.3
419  4190000 41.0
420  4200000 39.0
421  4210000 51.0
422  4220000 40.0
423  4230000 60.0
424  4240000 43.0
425  4250000 37.7
426  4260000 57.7
427  4270000 59.7
428  4280000 56.7
429  4290000 40.7
430  4300000 41.7
431  4310000 48.0
432  4320000 50.7
433  4330000 43.7
434  4340000 55.0
435  4350000 55.7
436  4360000 57.7
437  4370000 40.7
438  4380000 40.3
439  4390000 37.7
440  4400000 45.0
441  4410000 55.3
442  4420000 55.0
443  4430000 50.0
444  4440000 49.3
445  4450000 51.0
446  4460000 47.7
447  4470000 58.7
448  4480000 53.0
449  4490000 56.0
450  4500000 56.0
451  4510000 46.3
452  4520000 40.3
453  4530000 65.7
454  4540000 61.0
455  4550000 58.7
456  4560000 60.7
457  4570000 51.0
458  4580000 42.0
459  4590000 55.7
460  4600000 54.0
461  4610000 48.0
462  4620000 50.7
463  4630000 69.7
464  4640000 45.3
465  4650000 46.0
466  4660000 48.0
467  4670000 49.3
468  4680000 53.0
469  4690000 60.3
470  4700000 61.3
471  4710000 49.0
472  4720000 45.0
473  4730000 83.7
474  4740000 61.7
475  4750000 38.7
476  4760000 58.3
477  4770000 51.3
478  4780000 56.3
479  4790000 51.0
480  4800000 59.0
481  4810000 54.0
482  4820000 53.3
483  4830000 67.7
484  4840000 70.3
485  4850000 59.7
486  4860000 62.3
487  4870000 55.7
488  4880000 51.7
489  4890000 47.7
490  4900000 56.3
491  4910000 57.3
492  4920000 49.7
493  4930000 52.0
494  4940000 51.3
495  4950000 58.3
496  4960000 61.0
497  4970000 54.7
498  4980000 59.0
499  4990000 59.3
