  0        0 0.0
  1    10000 0.0
  2    20000 0.0
  3    30000 0.0
  4    40000 0.0
  5    50000 0.0
  6    60000 0.0
  7    70000 0.0
  8    80000 9.0
  9    90000 0.0
 10   100000 4.0
 11   110000 0.0
 12   120000 4.0
 13   130000 2.0
 14   140000 9.0
 15   150000 3.0
 16   160000 4.0
 17   170000 0.0
 18   180000 0.0
 19   190000 0.0
 20   200000 0.0
 21   210000 1.0
 22   220000 0.0
 23   230000 7.0
 24   240000 0.0
 25   250000 0.0
 26   260000 0.0
 27   270000 0.0
 28   280000 0.0
 29   290000 0.0
 30   300000 0.0
 31   310000 0.0
 32   320000 0.0
 33   330000 0.0
 34   340000 0.0
 35   350000 0.0
 36   360000 0.0
 37   370000 0.0
 38   380000 0.0
 39   390000 0.0
 40   400000 0.0
 41   410000 0.0
 42   420000 0.0
 43   430000 1.0
 44   440000 3.0
 45   450000 3.0
 46   460000 3.0
 47   470000 3.0
 48   480000 1.0
 49   490000 6.7
 50   500000 3.0
 51   510000 3.0
 52   520000 9.0
 53   530000 4.0
 54   540000 2.0
 55   550000 2.0
 56   560000 2.3
 57   570000 2.0
 58   580000 4.0
 59   590000 3.0
 60   600000 1.0
 61   610000 2.7
 62   620000 3.0
 63   630000 2.3
 64   640000 1.0
 65   650000 3.0
 66   660000 3.0
 67   670000 3.0
 68   680000 3.0
 69   690000 3.0
 70   700000 3.0
 71   710000 3.0
 72   720000 3.0
 73   730000 3.0
 74   740000 3.0
 75   750000 3.0
 76   760000 3.0
 77   770000 3.0
 78   780000 3.0
 79   790000 3.0
 80   800000 3.0
 81   810000 3.0
 82   820000 3.0
 83   830000 3.0
 84   840000 3.0
 85   850000 3.0
 86   860000 3.0
 87   870000 3.0
 88   880000 3.0
 89   890000 3.0
 90   900000 3.0
 91   910000 3.0
 92   920000 3.0
 93   930000 3.0
 94   940000 3.0
 95   950000 3.0
 96   960000 3.0
 97   970000 3.0
 98   980000 3.0
 99   990000 3.0
100  1000000 3.0
101  1010000 3.0
102  1020000 3.0
103  1030000 3.0
104  1040000 3.0
105  1050000 3.0
106  1060000 3.0
107  1070000 3.0
108  1080000 3.0
109  1090000 3.0
110  1100000 3.0
111  1110000 3.0
112  1120000 3.0
113  1130000 3.0
114  1140000 3.0
115  1150000 3.0
116  1160000 3.0
117  1170000 3.0
118  1180000 3.0
119  1190000 3.0
120  1200000 3.0
121  1210000 3.0
122  1220000 3.0
123  1230000 3.0
124  1240000 3.0
125  1250000 3.0
126  1260000 3.0
127  1270000 3.0
128  1280000 3.0
129  1290000 3.0
130  1300000 3.0
131  1310000 4.0
132  1320000 3.0
133  1330000 3.0
134  1340000 3.0
135  1350000 3.0
136  1360000 3.0
137  1370000 3.0
138  1380000 3.0
139  1390000 3.0
140  1400000 3.0
141  1410000 3.0
142  1420000 3.0
143  1430000 3.0
144  1440000 3.0
145  1450000 3.0
146  1460000 3.0
147  1470000 3.0
148  1480000 3.0
149  1490000 3.0
150  1500000 3.0
151  1510000 3.0
152  1520000 3.0
153  1530000 3.0
154  1540000 3.0
155  1550000 3.0
156  1560000 3.0
157  1570000 3.0
158  1580000 3.0
159  1590000 3.0
160  1600000 3.0
161  1610000 3.0
162  1620000 3.0
163  1630000 3.0
164  1640000 3.0
165  1650000 3.0
166  1660000 3.0
167  1670000 3.0
168  1680000 3.0
169  1690000 3.0
170  1700000 3.0
171  1710000 3.0
172  1720000 3.0
173  1730000 3.0
174  1740000 3.0
175  1750000 3.0
176  1760000 3.0
177  1770000 3.0
178  1780000 3.0
179  1790000 3.0
180  1800000 3.0
181  1810000 3.0
182  1820000 3.0
183  1830000 3.0
184  1840000 3.0
185  1850000 3.0
186  1860000 3.0
187  1870000 3.0
188  1880000 3.0
189  1890000 3.0
190  1900000 3.0
191  1910000 3.0
192  1920000 3.0
193  1930000 3.0
194  1940000 3.0
195  1950000 3.0
196  1960000 3.0
197  1970000 3.0
198  1980000 3.0
199  1990000 3.0
200  2000000 3.0
201  2010000 3.0
202  2020000 3.0
203  2030000 3.0
204  2040000 3.0
205  2050000 3.0
206  2060000 3.0
207  2070000 3.0
208  2080000 3.0
209  2090000 3.0
210  2100000 3.0
211  2110000 3.0
212  2120000 3.0
213  2130000 3.0
214  2140000 3.0
215  2150000 3.0
216  2160000 3.0
217  2170000 3.0
218  2180000 3.0
219  2190000 3.0
220  2200000 3.0
221  2210000 3.0
222  2220000 3.0
223  2230000 3.0
224  2240000 3.0
225  2250000 3.0
226  2260000 3.0
227  2270000 3.0
228  2280000 3.0
229  2290000 3.0
230  2300000 3.0
231  2310000 3.0
232  2320000 3.0
233  2330000 3.0
234  2340000 3.0
235  2350000 3.0
236  2360000 3.0
237  2370000 3.0
238  2380000 3.0
239  2390000 3.0
240  2400000 3.0
241  2410000 3.0
242  2420000 3.0
243  2430000 3.0
244  2440000 3.0
245  2450000 3.0
246  2460000 3.0
247  2470000 3.0
248  2480000 3.0
249  2490000 3.0
250  2500000 3.0
251  2510000 3.0
252  2520000 3.0
253  2530000 3.0
254  2540000 3.0
255  2550000 3.0
256  2560000 3.0
257  2570000 3.0
258  2580000 3.0
259  2590000 3.0
260  2600000 3.0
261  2610000 3.0
262  2620000 3.0
263  2630000 3.0
264  2640000 3.0
265  2650000 3.0
266  2660000 3.0
267  2670000 3.0
268  2680000 3.0
269  2690000 3.0
270  2700000 3.0
271  2710000 3.0
272  2720000 3.0
273  2730000 3.0
274  2740000 3.0
275  2750000 3.0
276  2760000 3.0
277  2770000 3.0
278  2780000 3.0
279  2790000 3.0
280  2800000 3.0
281  2810000 3.0
282  2820000 3.0
283  2830000 3.0
284  2840000 3.0
285  2850000 3.0
286  2860000 3.0
287  2870000 3.0
288  2880000 3.0
289  2890000 3.0
290  2900000 3.0
291  2910000 3.0
292  2920000 3.0
293  2930000 3.0
294  2940000 3.0
295  2950000 3.0
296  2960000 3.0
297  2970000 3.0
298  2980000 3.0
299  2990000 3.0
300  3000000 3.0
301  3010000 3.0
302  3020000 3.0
303  3030000 3.0
304  3040000 3.0
305  3050000 3.0
306  3060000 3.0
307  3070000 3.0
308  3080000 3.0
309  3090000 3.0
310  3100000 3.0
311  3110000 3.0
312  3120000 3.0
313  3130000 3.0
314  3140000 3.0
315  3150000 3.0
316  3160000 3.0
317  3170000 3.0
318  3180000 3.0
319  3190000 3.0
320  3200000 3.0
321  3210000 3.0
322  3220000 3.0
323  3230000 3.0
324  3240000 3.0
325  3250000 3.0
326  3260000 3.0
327  3270000 3.0
328  3280000 3.0
329  3290000 3.0
330  3300000 3.0
331  3310000 3.0
332  3320000 3.0
333  3330000 3.0
334  3340000 3.0
335  3350000 3.0
336  3360000 3.0
337  3370000 3.0
338  3380000 3.0
339  3390000 3.0
340  3400000 3.0
341  3410000 3.0
342  3420000 3.0
343  3430000 3.0
344  3440000 3.0
345  3450000 3.0
346  3460000 3.0
347  3470000 3.0
348  3480000 3.0
349  3490000 3.0
350  3500000 3.0
351  3510000 3.0
352  3520000 3.0
353  3530000 3.0
354  3540000 3.0
355  3550000 3.0
356  3560000 3.0
357  3570000 3.0
358  3580000 3.0
359  3590000 3.0
360  3600000 3.0
361  3610000 3.0
362  3620000 3.0
363  3630000 3.0
364  3640000 3.0
365  3650000 3.0
366  3660000 3.0
367  3670000 3.0
368  3680000 3.0
369  3690000 3.0
370  3700000 3.0
371  3710000 3.0
372  3720000 3.0
373  3730000 3.0
374  3740000 3.0
375  3750000 3.0
376  3760000 3.0
377  3770000 3.0
378  3780000 3.0
379  3790000 3.0
380  3800000 3.0
381  3810000 3.0
382  3820000 3.0
383  3830000 3.0
384  3840000 3.0
385  3850000 3.0
386  3860000 3.0
387  3870000 3.0
388  3880000 3.0
389  3890000 3.0
390  3900000 3.0
391  3910000 3.0
392  3920000 3.0
393  3930000 3.0
394  3940000 3.0
395  3950000 3.0
396  3960000 3.0
397  3970000 3.0
398  3980000 3.0
399  3990000 3.0
400  4000000 3.0
401  4010000 3.0
402  4020000 3.0
403  4030000 3.0
404  4040000 3.0
405  4050000 3.0
406  4060000 3.0
407  4070000 3.0
408  4080000 3.0
409  4090000 3.0
410  4100000 3.0
411  4110000 3.0
412  4120000 3.0
413  4130000 3.0
414  4140000 3.0
415  4150000 3.0
416  4160000 3.0
417  4170000 3.0
418  4180000 3.0
419  4190000 3.0
420  4200000 3.0
421  4210000 3.0
422  4220000 3.0
423  4230000 3.0
424  4240000 3.0
425  4250000 3.0
426  4260000 3.0
427  4270000 3.0
428  4280000 3.0
429  4290000 3.0
430  4300000 3.0
431  4310000 3.0
432  4320000 3.0
433  4330000 3.0
434  4340000 3.0
435  4350000 3.0
436  4360000 3.0
437  4370000 3.0
438  4380000 3.0
439  4390000 3.0
440  4400000 3.0
441  4410000 3.0
442  4420000 3.0
443  4430000 3.0
444  4440000 3.0
445  4450000 3.0
446  4460000 3.0
447  4470000 3.0
448  4480000 3.0
449  4490000 3.0
450  4500000 3.0
451  4510000 3.0
452  4520000 3.0
453  4530000 3.0
454  4540000 3.0
455  4550000 3.0
456  4560000 3.0
457  4570000 3.0
458  4580000 3.0
459  4590000 3.0
460  4600000 3.0
461  4610000 3.0
462  4620000 3.0
463  4630000 3.0
464  4640000 3.0
465  4650000 3.0
466  4660000 3.0
467  4670000 3.0
468  4680000 3.0
469  4690000 3.0
470  4700000 3.0
471  4710000 3.0
472  4720000 3.0
473  4730000 3.0
474  4740000 3.0
475  4750000 3.0
476  4760000 3.0
477  4770000 3.0
478  4780000 3.0
479  4790000 3.0
480  4800000 3.0
481  4810000 3.0
482  4820000 3.0
483  4830000 3.0
484  4840000 3.0
485  4850000 3.0
486  4860000 3.0
487  4870000 3.0
488  4880000 3.0
489  4890000 3.0
490  4900000 3.0
491  4910000 3.0
492  4920000 3.0
493  4930000 3.0
494  4940000 3.0
495  4950000 3.0
496  4960000 3.0
497  4970000 3.0
498  4980000 3.0
499  4990000 3.0
