  0        0 95.0
  1    10000 110.0
  2    20000 65.0
  3    30000 261.7
  4    40000 105.0
  5    50000 95.0
  6    60000 60.0
  7    70000 285.0
  8    80000 150.0
  9    90000 310.0
 10   100000 308.3
 11   110000 188.3
 12   120000 95.0
 13   130000 83.3
 14   140000 68.3
 15   150000 231.7
 16   160000 121.7
 17   170000 193.3
 18   180000 253.3
 19   190000 371.7
 20   200000 250.0
 21   210000 231.7
 22   220000 143.3
 23   230000 345.0
 24   240000 273.3
 25   250000 365.0
 26   260000 213.3
 27   270000 216.7
 28   280000 166.7
 29   290000 323.3
 30   300000 270.0
 31   310000 543.3
 32   320000 546.7
 33   330000 325.0
 34   340000 196.7
 35   350000 553.3
 36   360000 518.3
 37   370000 436.7
 38   380000 383.3
 39   390000 376.7
 40   400000 345.0
 41   410000 451.7
 42   420000 683.3
 43   430000 733.3
 44   440000 343.3
 45   450000 365.0
 46   460000 411.7
 47   470000 360.0
 48   480000 481.7
 49   490000 383.3
 50   500000 355.0
 51   510000 335.0
 52   520000 418.3
 53   530000 511.7
 54   540000 426.7
 55   550000 308.3
 56   560000 350.0
 57   570000 515.0
 58   580000 481.7
 59   590000 606.7
 60   600000 376.7
 61   610000 441.7
 62   620000 496.7
 63   630000 410.0
 64   640000 408.3
 65   650000 346.7
 66   660000 481.7
 67   670000 378.3
 68   680000 420.0
 69   690000 491.7
 70   700000 628.3
 71   710000 353.3
 72   720000 416.7
 73   730000 416.7
 74   740000 393.3
 75   750000 515.0
 76   760000 476.7
 77   770000 411.7
 78   780000 280.0
 79   790000 456.7
 80   800000 1085.0
 81   810000 573.3
 82   820000 485.0
 83   830000 381.7
 84   840000 440.0
 85   850000 465.0
 86   860000 548.3
 87   870000 466.7
 88   880000 578.3
 89   890000 500.0
 90   900000 911.7
 91   910000 550.0
 92   920000 663.3
 93   930000 601.7
 94   940000 385.0
 95   950000 985.0
 96   960000 601.7
 97   970000 675.0
 98   980000 588.3
 99   990000 575.0
100  1000000 738.3
101  1010000 515.0
102  1020000 655.0
103  1030000 610.0
104  1040000 546.7
105  1050000 856.7
106  1060000 711.7
107  1070000 618.3
108  1080000 455.0
109  1090000 600.0
110  1100000 615.0
111  1110000 673.3
112  1120000 551.7
113  1130000 551.7
114  1140000 576.7
115  1150000 901.7
116  1160000 630.0
117  1170000 670.0
118  1180000 658.3
119  1190000 645.0
120  1200000 780.0
121  1210000 896.7
122  1220000 653.3
123  1230000 651.7
124  1240000 648.3
125  1250000 810.0
126  1260000 730.0
127  1270000 630.0
128  1280000 931.7
129  1290000 623.3
130  1300000 795.0
131  1310000 836.7
132  1320000 765.0
133  1330000 505.0
134  1340000 870.0
135  1350000 823.3
136  1360000 760.0
137  1370000 676.7
138  1380000 820.0
139  1390000 800.0
140  1400000 893.3
141  1410000 710.0
142  1420000 923.3
143  1430000 718.3
144  1440000 775.0
145  1450000 1031.7
146  1460000 275.0
147  1470000 926.7
148  1480000 541.7
149  1490000 1006.7
150  1500000 335.0
151  1510000 1101.7
152  1520000 960.0
153  1530000 891.7
154  1540000 1116.7
155  1550000 821.7
156  1560000 916.7
157  1570000 801.7
158  1580000 658.3
159  1590000 1161.7
160  1600000 786.7
161  1610000 1033.3
162  1620000 975.0
163  1630000 890.0
164  1640000 1001.7
165  1650000 1151.7
166  1660000 973.3
167  1670000 940.0
168  1680000 878.3
169  1690000 971.7
170  1700000 746.7
171  1710000 1065.0
172  1720000 280.0
173  1730000 933.3
174  1740000 851.7
175  1750000 1231.7
176  1760000 1201.7
177  1770000 688.3
178  1780000 951.7
179  1790000 1168.3
180  1800000 855.0
181  1810000 810.0
182  1820000 931.7
183  1830000 808.3
184  1840000 898.3
185  1850000 998.3
186  1860000 741.7
187  1870000 825.0
188  1880000 1221.7
189  1890000 1003.3
190  1900000 805.0
191  1910000 1018.3
192  1920000 878.3
193  1930000 1098.3
194  1940000 1025.0
195  1950000 978.3
196  1960000 893.3
197  1970000 998.3
198  1980000 1035.0
199  1990000 1075.0
200  2000000 926.7
201  2010000 1046.7
202  2020000 1065.0
203  2030000 968.3
204  2040000 770.0
205  2050000 808.3
206  2060000 1198.3
207  2070000 813.3
208  2080000 1441.7
209  2090000 1356.7
210  2100000 1153.3
211  2110000 1026.7
212  2120000 1166.7
213  2130000 1191.7
214  2140000 1031.7
215  2150000 935.0
216  2160000 936.7
217  2170000 1213.3
218  2180000 1065.0
219  2190000 1275.0
220  2200000 918.3
221  2210000 988.3
222  2220000 1171.7
223  2230000 875.0
224  2240000 1003.3
225  2250000 910.0
226  2260000 681.7
227  2270000 875.0
228  2280000 978.3
229  2290000 1171.7
230  2300000 871.7
231  2310000 910.0
232  2320000 895.0
233  2330000 768.3
234  2340000 681.7
235  2350000 1001.7
236  2360000 943.3
237  2370000 1306.7
238  2380000 1166.7
239  2390000 920.0
240  2400000 1090.0
241  2410000 870.0
242  2420000 833.3
243  2430000 1023.3
244  2440000 1016.7
245  2450000 770.0
246  2460000 1055.0
247  2470000 901.7
248  2480000 950.0
249  2490000 1088.3
250  2500000 575.0
251  2510000 1148.3
252  2520000 990.0
253  2530000 855.0
254  2540000 1218.3
255  2550000 1091.7
256  2560000 1055.0
257  2570000 1046.7
258  2580000 1028.3
259  2590000 1161.7
260  2600000 1371.7
261  2610000 930.0
262  2620000 1078.3
263  2630000 1163.3
264  2640000 906.7
265  2650000 1126.7
266  2660000 915.0
267  2670000 1106.7
268  2680000 735.0
269  2690000 1093.3
270  2700000 898.3
271  2710000 923.3
272  2720000 1160.0
273  2730000 915.0
274  2740000 851.7
275  2750000 1203.3
276  2760000 1201.7
277  2770000 936.7
278  2780000 1076.7
279  2790000 1206.7
280  2800000 935.0
281  2810000 1035.0
282  2820000 1088.3
283  2830000 951.7
284  2840000 945.0
285  2850000 1085.0
286  2860000 1005.0
287  2870000 1406.7
288  2880000 860.0
289  2890000 1136.7
290  2900000 978.3
291  2910000 1053.3
292  2920000 866.7
293  2930000 1315.0
294  2940000 968.3
295  2950000 986.7
296  2960000 1333.3
297  2970000 763.3
298  2980000 1678.3
299  2990000 831.7
300  3000000 898.3
301  3010000 743.3
302  3020000 1325.0
303  3030000 1051.7
304  3040000 1008.3
305  3050000 788.3
306  3060000 1236.7
307  3070000 1105.0
308  3080000 1188.3
309  3090000 1213.3
310  3100000 1023.3
311  3110000 890.0
312  3120000 895.0
313  3130000 1311.7
314  3140000 1260.0
315  3150000 1375.0
316  3160000 1195.0
317  3170000 1213.3
318  3180000 1260.0
319  3190000 1220.0
320  3200000 1328.3
321  3210000 1083.3
322  3220000 1035.0
323  3230000 883.3
324  3240000 895.0
325  3250000 1226.7
326  3260000 1098.3
327  3270000 1170.0
328  3280000 1325.0
329  3290000 410.0
330  3300000 1203.3
331  3310000 950.0
332  3320000 1013.3
333  3330000 1090.0
334  3340000 988.3
335  3350000 976.7
336  3360000 981.7
337  3370000 1128.3
338  3380000 1065.0
339  3390000 1020.0
340  3400000 946.7
341  3410000 913.3
342  3420000 1183.3
343  3430000 1341.7
344  3440000 981.7
345  3450000 1006.7
346  3460000 1105.0
347  3470000 1103.3
348  3480000 1356.7
349  3490000 888.3
350  3500000 1076.7
351  3510000 1063.3
352  3520000 1336.7
353  3530000 788.3
354  3540000 1061.7
355  3550000 1038.3
356  3560000 966.7
357  3570000 881.7
358  3580000 570.0
359  3590000 1161.7
360  3600000 906.7
361  3610000 1373.3
362  3620000 1301.7
363  3630000 1038.3
364  3640000 1051.7
365  3650000 995.0
366  3660000 1291.7
367  3670000 1156.7
368  3680000 1008.3
369  3690000 1020.0
370  3700000 1141.7
371  3710000 1203.3
372  3720000 880.0
373  3730000 1288.3
374  3740000 1301.7
375  3750000 1315.0
376  3760000 1303.3
377  3770000 958.3
378  3780000 1223.3
379  3790000 1183.3
380  3800000 1276.7
381  3810000 1183.3
382  3820000 991.7
383  3830000 1151.7
384  3840000 1025.0
385  3850000 1260.0
386  3860000 1210.0
387  3870000 1215.0
388  3880000 1290.0
389  3890000 1401.7
390  3900000 1436.7
391  3910000 1561.7
392  3920000 1240.0
393  3930000 1373.3
394  3940000 1030.0
395  3950000 1011.7
396  3960000 1475.0
397  3970000 1111.7
398  3980000 1075.0
399  3990000 1070.0
400  4000000 1266.7
401  4010000 915.0
402  4020000 795.0
403  4030000 1253.3
404  4040000 948.3
405  4050000 1303.3
406  4060000 1393.3
407  4070000 1245.0
408  4080000 1556.7
409  4090000 1383.3
410  4100000 1153.3
411  4110000 1121.7
412  4120000 1191.7
413  4130000 1563.3
414  4140000 1283.3
415  4150000 1398.3
416  4160000 1343.3
417  4170000 900.0
418  4180000 798.3
419  4190000 816.7
420  4200000 1278.3
421  4210000 1003.3
422  4220000 1378.3
423  4230000 1225.0
424  4240000 1181.7
425  4250000 1190.0
426  4260000 1383.3
427  4270000 1356.7
428  4280000 1236.7
429  4290000 1280.0
430  4300000 1685.0
431  4310000 906.7
432  4320000 1700.0
433  4330000 1078.3
434  4340000 1038.3
435  4350000 1355.0
436  4360000 1453.3
437  4370000 618.3
438  4380000 703.3
439  4390000 1103.3
440  4400000 1188.3
441  4410000 1173.3
442  4420000 1120.0
443  4430000 983.3
444  4440000 1136.7
445  4450000 1420.0
446  4460000 1013.3
447  4470000 1311.7
448  4480000 1076.7
449  4490000 1268.3
450  4500000 996.7
451  4510000 996.7
452  4520000 1106.7
453  4530000 1228.3
454  4540000 1133.3
455  4550000 1163.3
456  4560000 885.0
457  4570000 1011.7
458  4580000 1145.0
459  4590000 960.0
460  4600000 1150.0
461  4610000 1016.7
462  4620000 800.0
463  4630000 1123.3
464  4640000 1093.3
465  4650000 1138.3
466  4660000 1388.3
467  4670000 1583.3
468  4680000 1728.3
469  4690000 718.3
470  4700000 1078.3
471  4710000 1078.3
472  4720000 1256.7
473  4730000 1230.0
474  4740000 956.7
475  4750000 981.7
476  4760000 1393.3
477  4770000 1025.0
478  4780000 1203.3
479  4790000 940.0
480  4800000 1096.7
481  4810000 1103.3
482  4820000 1165.0
483  4830000 1133.3
484  4840000 1300.0
485  4850000 1221.7
486  4860000 933.3
487  4870000 1475.0
488  4880000 1200.0
489  4890000 1021.7
490  4900000 1066.7
491  4910000 1303.3
492  4920000 1335.0
493  4930000 1210.0
494  4940000 1040.0
495  4950000 1273.3
496  4960000 1158.3
497  4970000 983.3
498  4980000 1090.0
499  4990000 1136.7
