  0        0 95.0
  1    10000 110.0
  2    20000 65.0
  3    30000 261.7
  4    40000 105.0
  5    50000 95.0
  6    60000 278.3
  7    70000 193.3
  8    80000 56.7
  9    90000 258.3
 10   100000 216.7
 11   110000 273.3
 12   120000 338.3
 13   130000 205.0
 14   140000 305.0
 15   150000 185.0
 16   160000 236.7
 17   170000 340.0
 18   180000 351.7
 19   190000 328.3
 20   200000 268.3
 21   210000 298.3
 22   220000 283.3
 23   230000 331.7
 24   240000 258.3
 25   250000 548.3
 26   260000 356.7
 27   270000 473.3
 28   280000 386.7
 29   290000 526.7
 30   300000 263.3
 31   310000 296.7
 32   320000 270.0
 33   330000 323.3
 34   340000 335.0
 35   350000 615.0
 36   360000 236.7
 37   370000 320.0
 38   380000 341.7
 39   390000 555.0
 40   400000 406.7
 41   410000 375.0
 42   420000 365.0
 43   430000 391.7
 44   440000 525.0
 45   450000 393.3
 46   460000 298.3
 47   470000 420.0
 48   480000 513.3
 49   490000 391.7
 50   500000 453.3
 51   510000 320.0
 52   520000 410.0
 53   530000 275.0
 54   540000 416.7
 55   550000 215.0
 56   560000 350.0
 57   570000 495.0
 58   580000 528.3
 59   590000 261.7
 60   600000 525.0
 61   610000 363.3
 62   620000 430.0
 63   630000 331.7
 64   640000 380.0
 65   650000 618.3
 66   660000 546.7
 67   670000 383.3
 68   680000 421.7
 69   690000 323.3
 70   700000 411.7
 71   710000 343.3
 72   720000 615.0
 73   730000 578.3
 74   740000 460.0
 75   750000 380.0
 76   760000 881.7
 77   770000 346.7
 78   780000 656.7
 79   790000 663.3
 80   800000 378.3
 81   810000 411.7
 82   820000 545.0
 83   830000 1005.0
 84   840000 683.3
 85   850000 436.7
 86   860000 543.3
 87   870000 791.7
 88   880000 746.7
 89   890000 743.3
 90   900000 463.3
 91   910000 713.3
 92   920000 703.3
 93   930000 598.3
 94   940000 688.3
 95   950000 661.7
 96   960000 756.7
 97   970000 455.0
 98   980000 688.3
 99   990000 648.3
100  1000000 913.3
101  1010000 428.3
102  1020000 343.3
103  1030000 125.0
104  1040000 590.0
105  1050000 498.3
106  1060000 631.7
107  1070000 1096.7
108  1080000 640.0
109  1090000 703.3
110  1100000 1151.7
111  1110000 790.0
112  1120000 833.3
113  1130000 806.7
114  1140000 1106.7
115  1150000 488.3
116  1160000 588.3
117  1170000 688.3
118  1180000 608.3
119  1190000 528.3
120  1200000 556.7
121  1210000 595.0
122  1220000 705.0
123  1230000 873.3
124  1240000 733.3
125  1250000 701.7
126  1260000 731.7
127  1270000 435.0
128  1280000 463.3
129  1290000 590.0
130  1300000 650.0
131  1310000 675.0
132  1320000 876.7
133  1330000 611.7
134  1340000 540.0
135  1350000 763.3
136  1360000 540.0
137  1370000 773.3
138  1380000 783.3
139  1390000 850.0
140  1400000 811.7
141  1410000 830.0
142  1420000 915.0
143  1430000 698.3
144  1440000 765.0
145  1450000 546.7
146  1460000 755.0
147  1470000 681.7
148  1480000 795.0
149  1490000 985.0
150  1500000 1063.3
151  1510000 876.7
152  1520000 693.3
153  1530000 1010.0
154  1540000 676.7
155  1550000 826.7
156  1560000 656.7
157  1570000 985.0
158  1580000 720.0
159  1590000 901.7
160  1600000 550.0
161  1610000 1013.3
162  1620000 653.3
163  1630000 763.3
164  1640000 910.0
165  1650000 783.3
166  1660000 701.7
167  1670000 421.7
168  1680000 781.7
169  1690000 966.7
170  1700000 905.0
171  1710000 445.0
172  1720000 985.0
173  1730000 978.3
174  1740000 881.7
175  1750000 570.0
176  1760000 1040.0
177  1770000 855.0
178  1780000 946.7
179  1790000 751.7
180  1800000 878.3
181  1810000 818.3
182  1820000 823.3
183  1830000 901.7
184  1840000 786.7
185  1850000 1048.3
186  1860000 705.0
187  1870000 1060.0
188  1880000 1016.7
189  1890000 1128.3
190  1900000 940.0
191  1910000 353.3
192  1920000 903.3
193  1930000 765.0
194  1940000 1168.3
195  1950000 786.7
196  1960000 980.0
197  1970000 830.0
198  1980000 973.3
199  1990000 1121.7
200  2000000 953.3
201  2010000 906.7
202  2020000 855.0
203  2030000 468.3
204  2040000 1108.3
205  2050000 815.0
206  2060000 1131.7
207  2070000 945.0
208  2080000 1096.7
209  2090000 1235.0
210  2100000 670.0
211  2110000 831.7
212  2120000 1075.0
213  2130000 843.3
214  2140000 1021.7
215  2150000 965.0
216  2160000 921.7
217  2170000 726.7
218  2180000 1156.7
219  2190000 755.0
220  2200000 863.3
221  2210000 843.3
222  2220000 1036.7
223  2230000 845.0
224  2240000 841.7
225  2250000 216.7
226  2260000 876.7
227  2270000 1390.0
228  2280000 918.3
229  2290000 966.7
230  2300000 1185.0
231  2310000 990.0
232  2320000 966.7
233  2330000 1041.7
234  2340000 778.3
235  2350000 691.7
236  2360000 1301.7
237  2370000 1031.7
238  2380000 1150.0
239  2390000 1153.3
240  2400000 723.3
241  2410000 830.0
242  2420000 421.7
243  2430000 838.3
244  2440000 956.7
245  2450000 688.3
246  2460000 766.7
247  2470000 1130.0
248  2480000 988.3
249  2490000 998.3
250  2500000 943.3
251  2510000 720.0
252  2520000 898.3
253  2530000 1136.7
254  2540000 450.0
255  2550000 883.3
256  2560000 890.0
257  2570000 1075.0
258  2580000 885.0
259  2590000 891.7
260  2600000 826.7
261  2610000 818.3
262  2620000 1048.3
263  2630000 710.0
264  2640000 855.0
265  2650000 1095.0
266  2660000 1256.7
267  2670000 891.7
268  2680000 843.3
269  2690000 780.0
270  2700000 848.3
271  2710000 628.3
272  2720000 1010.0
273  2730000 943.3
274  2740000 863.3
275  2750000 876.7
276  2760000 951.7
277  2770000 898.3
278  2780000 728.3
279  2790000 848.3
280  2800000 1021.7
281  2810000 1146.7
282  2820000 903.3
283  2830000 981.7
284  2840000 626.7
285  2850000 946.7
286  2860000 968.3
287  2870000 776.7
288  2880000 951.7
289  2890000 935.0
290  2900000 481.7
291  2910000 1093.3
292  2920000 890.0
293  2930000 866.7
294  2940000 976.7
295  2950000 1616.7
296  2960000 1141.7
297  2970000 966.7
298  2980000 943.3
299  2990000 893.3
300  3000000 1055.0
301  3010000 846.7
302  3020000 1081.7
303  3030000 801.7
304  3040000 988.3
305  3050000 865.0
306  3060000 945.0
307  3070000 928.3
308  3080000 958.3
309  3090000 1063.3
310  3100000 1253.3
311  3110000 1011.7
312  3120000 830.0
313  3130000 1020.0
314  3140000 993.3
315  3150000 795.0
316  3160000 1093.3
317  3170000 800.0
318  3180000 1333.3
319  3190000 788.3
320  3200000 1083.3
321  3210000 905.0
322  3220000 950.0
323  3230000 906.7
324  3240000 798.3
325  3250000 1125.0
326  3260000 880.0
327  3270000 985.0
328  3280000 395.0
329  3290000 1073.3
330  3300000 811.7
331  3310000 1558.3
332  3320000 855.0
333  3330000 951.7
334  3340000 1041.7
335  3350000 746.7
336  3360000 1001.7
337  3370000 760.0
338  3380000 1043.3
339  3390000 860.0
340  3400000 936.7
341  3410000 766.7
342  3420000 766.7
343  3430000 1201.7
344  3440000 941.7
345  3450000 1163.3
346  3460000 1036.7
347  3470000 988.3
348  3480000 1126.7
349  3490000 1098.3
350  3500000 1188.3
351  3510000 1038.3
352  3520000 853.3
353  3530000 1041.7
354  3540000 713.3
355  3550000 1000.0
356  3560000 1040.0
357  3570000 933.3
358  3580000 1000.0
359  3590000 1155.0
360  3600000 1050.0
361  3610000 1146.7
362  3620000 1081.7
363  3630000 936.7
364  3640000 1015.0
365  3650000 881.7
366  3660000 1103.3
367  3670000 1071.7
368  3680000 1133.3
369  3690000 898.3
370  3700000 1120.0
371  3710000 711.7
372  3720000 1190.0
373  3730000 825.0
374  3740000 915.0
375  3750000 1031.7
376  3760000 976.7
377  3770000 883.3
378  3780000 830.0
379  3790000 1093.3
380  3800000 1226.7
381  3810000 933.3
382  3820000 1226.7
383  3830000 710.0
384  3840000 1001.7
385  3850000 1186.7
386  3860000 758.3
387  3870000 853.3
388  3880000 1015.0
389  3890000 1298.3
390  3900000 903.3
391  3910000 1040.0
392  3920000 750.0
393  3930000 1053.3
394  3940000 963.3
395  3950000 906.7
396  3960000 1191.7
397  3970000 728.3
398  3980000 1065.0
399  3990000 1238.3
400  4000000 1363.3
401  4010000 706.7
402  4020000 1125.0
403  4030000 1110.0
404  4040000 990.0
405  4050000 943.3
406  4060000 1003.3
407  4070000 998.3
408  4080000 896.7
409  4090000 1023.3
410  4100000 985.0
411  4110000 955.0
412  4120000 1068.3
413  4130000 768.3
414  4140000 1148.3
415  4150000 998.3
416  4160000 675.0
417  4170000 995.0
418  4180000 748.3
419  4190000 1076.7
420  4200000 998.3
421  4210000 1160.0
422  4220000 888.3
423  4230000 861.7
424  4240000 1060.0
425  4250000 1293.3
426  4260000 878.3
427  4270000 911.7
428  4280000 993.3
429  4290000 776.7
430  4300000 921.7
431  4310000 965.0
432  4320000 863.3
433  4330000 1030.0
434  4340000 943.3
435  4350000 990.0
436  4360000 1078.3
437  4370000 1011.7
438  4380000 260.0
439  4390000 975.0
440  4400000 863.3
441  4410000 1065.0
442  4420000 635.0
443  4430000 943.3
444  4440000 990.0
445  4450000 946.7
446  4460000 895.0
447  4470000 783.3
448  4480000 953.3
449  4490000 1138.3
450  4500000 833.3
451  4510000 970.0
452  4520000 903.3
453  4530000 975.0
454  4540000 851.7
455  4550000 1035.0
456  4560000 871.7
457  4570000 1100.0
458  4580000 980.0
459  4590000 898.3
460  4600000 960.0
461  4610000 986.7
462  4620000 1060.0
463  4630000 858.3
464  4640000 1118.3
465  4650000 901.7
466  4660000 953.3
467  4670000 1036.7
468  4680000 853.3
469  4690000 995.0
470  4700000 1018.3
471  4710000 925.0
472  4720000 1025.0
473  4730000 1360.0
474  4740000 855.0
475  4750000 1181.7
476  4760000 1071.7
477  4770000 1036.7
478  4780000 950.0
479  4790000 941.7
480  4800000 976.7
481  4810000 1100.0
482  4820000 931.7
483  4830000 1111.7
484  4840000 983.3
485  4850000 1108.3
486  4860000 1085.0
487  4870000 810.0
488  4880000 940.0
489  4890000 1133.3
490  4900000 1013.3
491  4910000 1068.3
492  4920000 1298.3
493  4930000 1181.7
494  4940000 855.0
495  4950000 805.0
496  4960000 1456.7
497  4970000 1423.3
498  4980000 1256.7
499  4990000 1195.0
