  0        0 95.0
  1    10000 110.0
  2    20000 65.0
  3    30000 261.7
  4    40000 105.0
  5    50000 95.0
  6    60000 188.3
  7    70000 420.0
  8    80000 248.3
  9    90000 196.7
 10   100000 151.7
 11   110000 101.7
 12   120000 151.7
 13   130000 151.7
 14   140000 168.3
 15   150000 40.0
 16   160000 280.0
 17   170000 475.0
 18   180000 248.3
 19   190000 151.7
 20   200000 266.7
 21   210000 435.0
 22   220000 683.3
 23   230000 976.7
 24   240000 343.3
 25   250000 286.7
 26   260000 201.7
 27   270000 393.3
 28   280000 453.3
 29   290000 320.0
 30   300000 133.3
 31   310000 258.3
 32   320000 390.0
 33   330000 326.7
 34   340000 431.7
 35   350000 435.0
 36   360000 188.3
 37   370000 345.0
 38   380000 431.7
 39   390000 421.7
 40   400000 368.3
 41   410000 188.3
 42   420000 250.0
 43   430000 461.7
 44   440000 190.0
 45   450000 450.0
 46   460000 410.0
 47   470000 320.0
 48   480000 851.7
 49   490000 703.3
 50   500000 260.0
 51   510000 340.0
 52   520000 483.3
 53   530000 743.3
 54   540000 493.3
 55   550000 490.0
 56   560000 445.0
 57   570000 376.7
 58   580000 361.7
 59   590000 471.7
 60   600000 471.7
 61   610000 475.0
 62   620000 376.7
 63   630000 446.7
 64   640000 370.0
 65   650000 410.0
 66   660000 450.0
 67   670000 491.7
 68   680000 396.7
 69   690000 530.0
 70   700000 493.3
 71   710000 373.3
 72   720000 531.7
 73   730000 441.7
 74   740000 971.7
 75   750000 728.3
 76   760000 626.7
 77   770000 360.0
 78   780000 438.3
 79   790000 708.3
 80   800000 663.3
 81   810000 600.0
 82   820000 606.7
 83   830000 581.7
 84   840000 446.7
 85   850000 515.0
 86   860000 780.0
 87   870000 825.0
 88   880000 665.0
 89   890000 1088.3
 90   900000 676.7
 91   910000 503.3
 92   920000 698.3
 93   930000 568.3
 94   940000 613.3
 95   950000 513.3
 96   960000 861.7
 97   970000 495.0
 98   980000 850.0
 99   990000 915.0
100  1000000 758.3
101  1010000 638.3
102  1020000 576.7
103  1030000 408.3
104  1040000 701.7
105  1050000 816.7
106  1060000 483.3
107  1070000 621.7
108  1080000 756.7
109  1090000 626.7
110  1100000 733.3
111  1110000 818.3
112  1120000 835.0
113  1130000 668.3
114  1140000 500.0
115  1150000 753.3
116  1160000 758.3
117  1170000 681.7
118  1180000 581.7
119  1190000 881.7
120  1200000 748.3
121  1210000 981.7
122  1220000 706.7
123  1230000 1115.0
124  1240000 805.0
125  1250000 845.0
126  1260000 743.3
127  1270000 653.3
128  1280000 771.7
129  1290000 680.0
130  1300000 705.0
131  1310000 781.7
132  1320000 773.3
133  1330000 606.7
134  1340000 933.3
135  1350000 528.3
136  1360000 855.0
137  1370000 838.3
138  1380000 736.7
139  1390000 478.3
140  1400000 785.0
141  1410000 891.7
142  1420000 628.3
143  1430000 605.0
144  1440000 211.7
145  1450000 871.7
146  1460000 460.0
147  1470000 1130.0
148  1480000 996.7
149  1490000 1041.7
150  1500000 996.7
151  1510000 655.0
152  1520000 665.0
153  1530000 763.3
154  1540000 878.3
155  1550000 876.7
156  1560000 448.3
157  1570000 728.3
158  1580000 611.7
159  1590000 823.3
160  1600000 746.7
161  1610000 745.0
162  1620000 943.3
163  1630000 725.0
164  1640000 760.0
165  1650000 533.3
166  1660000 313.3
167  1670000 600.0
168  1680000 550.0
169  1690000 691.7
170  1700000 1068.3
171  1710000 686.7
172  1720000 455.0
173  1730000 1080.0
174  1740000 1038.3
175  1750000 1083.3
176  1760000 858.3
177  1770000 598.3
178  1780000 775.0
179  1790000 698.3
180  1800000 901.7
181  1810000 1091.7
182  1820000 873.3
183  1830000 758.3
184  1840000 853.3
185  1850000 945.0
186  1860000 883.3
187  1870000 948.3
188  1880000 815.0
189  1890000 1025.0
190  1900000 786.7
191  1910000 876.7
192  1920000 693.3
193  1930000 890.0
194  1940000 895.0
195  1950000 883.3
196  1960000 971.7
197  1970000 963.3
198  1980000 1190.0
199  1990000 686.7
200  2000000 801.7
201  2010000 798.3
202  2020000 1008.3
203  2030000 770.0
204  2040000 955.0
205  2050000 741.7
206  2060000 1021.7
207  2070000 540.0
208  2080000 940.0
209  2090000 830.0
210  2100000 973.3
211  2110000 1163.3
212  2120000 770.0
213  2130000 1173.3
214  2140000 921.7
215  2150000 646.7
216  2160000 1213.3
217  2170000 973.3
218  2180000 830.0
219  2190000 810.0
220  2200000 968.3
221  2210000 966.7
222  2220000 696.7
223  2230000 845.0
224  2240000 845.0
225  2250000 788.3
226  2260000 745.0
227  2270000 311.7
228  2280000 910.0
229  2290000 543.3
230  2300000 1163.3
231  2310000 323.3
232  2320000 883.3
233  2330000 1156.7
234  2340000 896.7
235  2350000 938.3
236  2360000 1158.3
237  2370000 135.0
238  2380000 678.3
239  2390000 853.3
240  2400000 593.3
241  2410000 1090.0
242  2420000 675.0
243  2430000 1086.7
244  2440000 948.3
245  2450000 615.0
246  2460000 633.3
247  2470000 791.7
248  2480000 768.3
249  2490000 1400.0
250  2500000 830.0
251  2510000 696.7
252  2520000 1351.7
253  2530000 410.0
254  2540000 928.3
255  2550000 1105.0
256  2560000 675.0
257  2570000 1041.7
258  2580000 780.0
259  2590000 431.7
260  2600000 928.3
261  2610000 726.7
262  2620000 465.0
263  2630000 820.0
264  2640000 885.0
265  2650000 776.7
266  2660000 833.3
267  2670000 748.3
268  2680000 558.3
269  2690000 836.7
270  2700000 605.0
271  2710000 1330.0
272  2720000 823.3
273  2730000 950.0
274  2740000 945.0
275  2750000 638.3
276  2760000 713.3
277  2770000 790.0
278  2780000 946.7
279  2790000 878.3
280  2800000 923.3
281  2810000 1065.0
282  2820000 678.3
283  2830000 993.3
284  2840000 666.7
285  2850000 656.7
286  2860000 1071.7
287  2870000 923.3
288  2880000 926.7
289  2890000 718.3
290  2900000 806.7
291  2910000 628.3
292  2920000 610.0
293  2930000 933.3
294  2940000 551.7
295  2950000 728.3
296  2960000 933.3
297  2970000 1175.0
298  2980000 1013.3
299  2990000 795.0
300  3000000 948.3
301  3010000 856.7
302  3020000 811.7
303  3030000 696.7
304  3040000 738.3
305  3050000 498.3
306  3060000 355.0
307  3070000 951.7
308  3080000 865.0
309  3090000 821.7
310  3100000 811.7
311  3110000 946.7
312  3120000 796.7
313  3130000 495.0
314  3140000 858.3
315  3150000 696.7
316  3160000 775.0
317  3170000 278.3
318  3180000 351.7
319  3190000 831.7
320  3200000 673.3
321  3210000 435.0
322  3220000 1018.3
323  3230000 640.0
324  3240000 581.7
325  3250000 580.0
326  3260000 476.7
327  3270000 846.7
328  3280000 410.0
329  3290000 1058.3
330  3300000 708.3
331  3310000 931.7
332  3320000 936.7
333  3330000 815.0
334  3340000 1208.3
335  3350000 801.7
336  3360000 1341.7
337  3370000 1048.3
338  3380000 716.7
339  3390000 861.7
340  3400000 761.7
341  3410000 943.3
342  3420000 941.7
343  3430000 1011.7
344  3440000 1060.0
345  3450000 1073.3
346  3460000 535.0
347  3470000 598.3
348  3480000 583.3
349  3490000 838.3
350  3500000 565.0
351  3510000 910.0
352  3520000 833.3
353  3530000 833.3
354  3540000 830.0
355  3550000 848.3
356  3560000 818.3
357  3570000 620.0
358  3580000 973.3
359  3590000 826.7
360  3600000 1086.7
361  3610000 776.7
362  3620000 1060.0
363  3630000 776.7
364  3640000 896.7
365  3650000 950.0
366  3660000 713.3
367  3670000 826.7
368  3680000 1186.7
369  3690000 736.7
370  3700000 1038.3
371  3710000 895.0
372  3720000 663.3
373  3730000 781.7
374  3740000 791.7
375  3750000 890.0
376  3760000 846.7
377  3770000 835.0
378  3780000 1135.0
379  3790000 698.3
380  3800000 845.0
381  3810000 736.7
382  3820000 843.3
383  3830000 1020.0
384  3840000 845.0
385  3850000 1228.3
386  3860000 911.7
387  3870000 921.7
388  3880000 940.0
389  3890000 956.7
390  3900000 1258.3
391  3910000 803.3
392  3920000 970.0
393  3930000 938.3
394  3940000 686.7
395  3950000 655.0
396  3960000 643.3
397  3970000 448.3
398  3980000 1181.7
399  3990000 685.0
400  4000000 960.0
401  4010000 1208.3
402  4020000 991.7
403  4030000 1008.3
404  4040000 908.3
405  4050000 736.7
406  4060000 871.7
407  4070000 1048.3
408  4080000 651.7
409  4090000 705.0
410  4100000 1215.0
411  4110000 938.3
412  4120000 806.7
413  4130000 1286.7
414  4140000 936.7
415  4150000 1415.0
416  4160000 903.3
417  4170000 940.0
418  4180000 1140.0
419  4190000 851.7
420  4200000 716.7
421  4210000 860.0
422  4220000 808.3
423  4230000 605.0
424  4240000 868.3
425  4250000 890.0
426  4260000 1323.3
427  4270000 336.7
428  4280000 718.3
429  4290000 1133.3
430  4300000 883.3
431  4310000 511.7
432  4320000 735.0
433  4330000 781.7
434  4340000 773.3
435  4350000 1020.0
436  4360000 701.7
437  4370000 1021.7
438  4380000 711.7
439  4390000 835.0
440  4400000 1128.3
441  4410000 1163.3
442  4420000 905.0
443  4430000 890.0
444  4440000 790.0
445  4450000 941.7
446  4460000 1021.7
447  4470000 1088.3
448  4480000 778.3
449  4490000 1126.7
450  4500000 775.0
451  4510000 698.3
452  4520000 683.3
453  4530000 645.0
454  4540000 673.3
455  4550000 1225.0
456  4560000 855.0
457  4570000 943.3
458  4580000 875.0
459  4590000 986.7
460  4600000 566.7
461  4610000 1156.7
462  4620000 980.0
463  4630000 911.7
464  4640000 915.0
465  4650000 733.3
466  4660000 751.7
467  4670000 641.7
468  4680000 696.7
469  4690000 703.3
470  4700000 908.3
471  4710000 696.7
472  4720000 905.0
473  4730000 991.7
474  4740000 1216.7
475  4750000 820.0
476  4760000 655.0
477  4770000 1115.0
478  4780000 878.3
479  4790000 873.3
480  4800000 800.0
481  4810000 1313.3
482  4820000 690.0
483  4830000 795.0
484  4840000 816.7
485  4850000 823.3
486  4860000 1150.0
487  4870000 870.0
488  4880000 833.3
489  4890000 983.3
490  4900000 876.7
491  4910000 926.7
492  4920000 831.7
493  4930000 831.7
494  4940000 926.7
495  4950000 871.7
496  4960000 690.0
497  4970000 920.0
498  4980000 1096.7
499  4990000 923.3
