  0        0 248.3
  1    10000 383.3
  2    20000 295.0
  3    30000 308.3
  4    40000 328.3
  5    50000 421.7
  6    60000 210.0
  7    70000 161.7
  8    80000 155.0
  9    90000 363.3
 10   100000 58.3
 11   110000 161.7
 12   120000 48.3
 13   130000 418.3
 14   140000 191.7
 15   150000 141.7
 16   160000 230.0
 17   170000 323.3
 18   180000 225.0
 19   190000 276.7
 20   200000 220.0
 21   210000 586.7
 22   220000 323.3
 23   230000 630.0
 24   240000 220.0
 25   250000 108.3
 26   260000 386.7
 27   270000 358.3
 28   280000 468.3
 29   290000 646.7
 30   300000 675.0
 31   310000 605.0
 32   320000 646.7
 33   330000 476.7
 34   340000 861.7
 35   350000 393.3
 36   360000 551.7
 37   370000 613.3
 38   380000 611.7
 39   390000 386.7
 40   400000 568.3
 41   410000 475.0
 42   420000 481.7
 43   430000 350.0
 44   440000 448.3
 45   450000 481.7
 46   460000 526.7
 47   470000 455.0
 48   480000 576.7
 49   490000 383.3
 50   500000 488.3
 51   510000 755.0
 52   520000 491.7
 53   530000 433.3
 54   540000 721.7
 55   550000 438.3
 56   560000 530.0
 57   570000 465.0
 58   580000 961.7
 59   590000 376.7
 60   600000 446.7
 61   610000 470.0
 62   620000 461.7
 63   630000 340.0
 64   640000 510.0
 65   650000 598.3
 66   660000 603.3
 67   670000 458.3
 68   680000 575.0
 69   690000 683.3
 70   700000 828.3
 71   710000 708.3
 72   720000 456.7
 73   730000 620.0
 74   740000 411.7
 75   750000 373.3
 76   760000 691.7
 77   770000 500.0
 78   780000 546.7
 79   790000 423.3
 80   800000 480.0
 81   810000 495.0
 82   820000 745.0
 83   830000 591.7
 84   840000 551.7
 85   850000 946.7
 86   860000 718.3
 87   870000 595.0
 88   880000 478.3
 89   890000 766.7
 90   900000 531.7
 91   910000 806.7
 92   920000 1008.3
 93   930000 713.3
 94   940000 651.7
 95   950000 460.0
 96   960000 585.0
 97   970000 770.0
 98   980000 721.7
 99   990000 721.7
100  1000000 673.3
101  1010000 800.0
102  1020000 688.3
103  1030000 385.0
104  1040000 950.0
105  1050000 841.7
106  1060000 930.0
107  1070000 816.7
108  1080000 750.0
109  1090000 880.0
110  1100000 793.3
111  1110000 845.0
112  1120000 773.3
113  1130000 1001.7
114  1140000 738.3
115  1150000 780.0
116  1160000 860.0
117  1170000 810.0
118  1180000 898.3
119  1190000 966.7
120  1200000 1005.0
121  1210000 558.3
122  1220000 896.7
123  1230000 1116.7
124  1240000 535.0
125  1250000 803.3
126  1260000 865.0
127  1270000 911.7
128  1280000 908.3
129  1290000 881.7
130  1300000 1176.7
131  1310000 1000.0
132  1320000 573.3
133  1330000 995.0
134  1340000 808.3
135  1350000 798.3
136  1360000 880.0
137  1370000 175.0
138  1380000 1141.7
139  1390000 1015.0
140  1400000 701.7
141  1410000 1066.7
142  1420000 1110.0
143  1430000 885.0
144  1440000 981.7
145  1450000 741.7
146  1460000 1006.7
147  1470000 958.3
148  1480000 908.3
149  1490000 843.3
150  1500000 818.3
151  1510000 888.3
152  1520000 958.3
153  1530000 1115.0
154  1540000 926.7
155  1550000 813.3
156  1560000 1126.7
157  1570000 1010.0
158  1580000 1015.0
159  1590000 678.3
160  1600000 1136.7
161  1610000 1110.0
162  1620000 868.3
163  1630000 1151.7
164  1640000 533.3
165  1650000 1045.0
166  1660000 1181.7
167  1670000 1030.0
168  1680000 930.0
169  1690000 1260.0
170  1700000 1038.3
171  1710000 943.3
172  1720000 920.0
173  1730000 1133.3
174  1740000 1031.7
175  1750000 1048.3
176  1760000 968.3
177  1770000 1146.7
178  1780000 1058.3
179  1790000 945.0
180  1800000 946.7
181  1810000 836.7
182  1820000 1051.7
183  1830000 1041.7
184  1840000 618.3
185  1850000 1061.7
186  1860000 1233.3
187  1870000 1141.7
188  1880000 955.0
189  1890000 1416.7
190  1900000 853.3
191  1910000 1083.3
192  1920000 1073.3
193  1930000 671.7
194  1940000 1060.0
195  1950000 1096.7
196  1960000 1061.7
197  1970000 1028.3
198  1980000 1006.7
199  1990000 911.7
200  2000000 873.3
201  2010000 895.0
202  2020000 966.7
203  2030000 951.7
204  2040000 1130.0
205  2050000 1043.3
206  2060000 1216.7
207  2070000 1175.0
208  2080000 1173.3
209  2090000 1115.0
210  2100000 946.7
211  2110000 1128.3
212  2120000 1591.7
213  2130000 853.3
214  2140000 1161.7
215  2150000 990.0
216  2160000 956.7
217  2170000 1193.3
218  2180000 820.0
219  2190000 1186.7
220  2200000 1075.0
221  2210000 631.7
222  2220000 903.3
223  2230000 1200.0
224  2240000 1180.0
225  2250000 1118.3
226  2260000 1131.7
227  2270000 1235.0
228  2280000 1720.0
229  2290000 1158.3
230  2300000 1168.3
231  2310000 878.3
232  2320000 1101.7
233  2330000 1170.0
234  2340000 1263.3
235  2350000 985.0
236  2360000 1185.0
237  2370000 931.7
238  2380000 1135.0
239  2390000 948.3
240  2400000 1190.0
241  2410000 1218.3
242  2420000 1263.3
243  2430000 1198.3
244  2440000 966.7
245  2450000 1191.7
246  2460000 1178.3
247  2470000 1165.0
248  2480000 856.7
249  2490000 1240.0
250  2500000 1173.3
251  2510000 1045.0
252  2520000 931.7
253  2530000 1178.3
254  2540000 741.7
255  2550000 851.7
256  2560000 1020.0
257  2570000 1048.3
258  2580000 1145.0
259  2590000 1018.3
260  2600000 1123.3
261  2610000 1335.0
262  2620000 890.0
263  2630000 903.3
264  2640000 943.3
265  2650000 1363.3
266  2660000 1191.7
267  2670000 765.0
268  2680000 1260.0
269  2690000 1053.3
270  2700000 1178.3
271  2710000 988.3
272  2720000 1111.7
273  2730000 1323.3
274  2740000 1225.0
275  2750000 860.0
276  2760000 1110.0
277  2770000 1096.7
278  2780000 1116.7
279  2790000 1285.0
280  2800000 1228.3
281  2810000 1046.7
282  2820000 1058.3
283  2830000 1366.7
284  2840000 1296.7
285  2850000 975.0
286  2860000 1066.7
287  2870000 1241.7
288  2880000 913.3
289  2890000 1183.3
290  2900000 1388.3
291  2910000 1033.3
292  2920000 1386.7
293  2930000 1088.3
294  2940000 883.3
295  2950000 1063.3
296  2960000 866.7
297  2970000 1288.3
298  2980000 786.7
299  2990000 925.0
300  3000000 1438.3
301  3010000 313.3
302  3020000 1275.0
303  3030000 1181.7
304  3040000 1343.3
305  3050000 1208.3
306  3060000 1015.0
307  3070000 1415.0
308  3080000 1120.0
309  3090000 1086.7
310  3100000 1346.7
311  3110000 1040.0
312  3120000 1040.0
313  3130000 1061.7
314  3140000 1066.7
315  3150000 993.3
316  3160000 818.3
317  3170000 1085.0
318  3180000 1346.7
319  3190000 1063.3
320  3200000 1151.7
321  3210000 1015.0
322  3220000 1343.3
323  3230000 1345.0
324  3240000 1011.7
325  3250000 948.3
326  3260000 1188.3
327  3270000 1005.0
328  3280000 885.0
329  3290000 1243.3
330  3300000 1146.7
331  3310000 1306.7
332  3320000 1135.0
333  3330000 953.3
334  3340000 1516.7
335  3350000 1100.0
336  3360000 1063.3
337  3370000 1335.0
338  3380000 1181.7
339  3390000 1003.3
340  3400000 1016.7
341  3410000 1370.0
342  3420000 1130.0
343  3430000 1516.7
344  3440000 1036.7
345  3450000 976.7
346  3460000 973.3
347  3470000 1041.7
348  3480000 1006.7
349  3490000 996.7
350  3500000 1271.7
351  3510000 1221.7
352  3520000 1010.0
353  3530000 1080.0
354  3540000 1046.7
355  3550000 1050.0
356  3560000 971.7
357  3570000 1281.7
358  3580000 1063.3
359  3590000 1066.7
360  3600000 1108.3
361  3610000 1576.7
362  3620000 1211.7
363  3630000 1251.7
364  3640000 1301.7
365  3650000 1155.0
366  3660000 1301.7
367  3670000 1176.7
368  3680000 1040.0
369  3690000 958.3
370  3700000 990.0
371  3710000 1050.0
372  3720000 1440.0
373  3730000 1026.7
374  3740000 1173.3
375  3750000 1113.3
376  3760000 961.7
377  3770000 648.3
378  3780000 1170.0
379  3790000 1198.3
380  3800000 933.3
381  3810000 1260.0
382  3820000 1255.0
383  3830000 1291.7
384  3840000 988.3
385  3850000 1241.7
386  3860000 1018.3
387  3870000 1030.0
388  3880000 1098.3
389  3890000 1126.7
390  3900000 488.3
391  3910000 536.7
392  3920000 870.0
393  3930000 1140.0
394  3940000 1003.3
395  3950000 963.3
396  3960000 993.3
397  3970000 1008.3
398  3980000 925.0
399  3990000 1183.3
400  4000000 1185.0
401  4010000 1253.3
402  4020000 1068.3
403  4030000 1585.0
404  4040000 1423.3
405  4050000 1133.3
406  4060000 928.3
407  4070000 1135.0
408  4080000 1240.0
409  4090000 925.0
410  4100000 1230.0
411  4110000 940.0
412  4120000 1038.3
413  4130000 993.3
414  4140000 1075.0
415  4150000 1065.0
416  4160000 1368.3
417  4170000 1083.3
418  4180000 1501.7
419  4190000 1280.0
420  4200000 1258.3
421  4210000 968.3
422  4220000 1331.7
423  4230000 1211.7
424  4240000 743.3
425  4250000 1208.3
426  4260000 935.0
427  4270000 1476.7
428  4280000 1065.0
429  4290000 1006.7
430  4300000 1266.7
431  4310000 751.7
432  4320000 1433.3
433  4330000 1275.0
434  4340000 1533.3
435  4350000 1260.0
436  4360000 893.3
437  4370000 1445.0
438  4380000 1121.7
439  4390000 1181.7
440  4400000 1441.7
441  4410000 1170.0
442  4420000 1066.7
443  4430000 1485.0
444  4440000 640.0
445  4450000 703.3
446  4460000 978.3
447  4470000 1008.3
448  4480000 1108.3
449  4490000 998.3
450  4500000 1063.3
451  4510000 1155.0
452  4520000 1100.0
453  4530000 1278.3
454  4540000 1113.3
455  4550000 1433.3
456  4560000 531.7
457  4570000 1273.3
458  4580000 960.0
459  4590000 1411.7
460  4600000 1053.3
461  4610000 1195.0
462  4620000 1240.0
463  4630000 1073.3
464  4640000 1263.3
465  4650000 1178.3
466  4660000 1138.3
467  4670000 946.7
468  4680000 963.3
469  4690000 1356.7
470  4700000 1275.0
471  4710000 1300.0
472  4720000 1378.3
473  4730000 1215.0
474  4740000 1026.7
475  4750000 1420.0
476  4760000 1201.7
477  4770000 1303.3
478  4780000 1621.7
479  4790000 1086.7
480  4800000 1111.7
481  4810000 1308.3
482  4820000 1138.3
483  4830000 975.0
484  4840000 833.3
485  4850000 1120.0
486  4860000 668.3
487  4870000 1180.0
488  4880000 1013.3
489  4890000 868.3
490  4900000 998.3
491  4910000 500.0
492  4920000 965.0
493  4930000 1030.0
494  4940000 1123.3
495  4950000 1045.0
496  4960000 886.7
497  4970000 956.7
498  4980000 908.3
499  4990000 978.3
