  0        0 188.3
  1    10000 380.0
  2    20000 295.0
  3    30000 296.7
  4    40000 225.0
  5    50000 206.7
  6    60000 105.0
  7    70000 40.0
  8    80000 240.0
  9    90000 340.0
 10   100000 303.3
 11   110000 668.3
 12   120000 81.7
 13   130000 271.7
 14   140000 96.7
 15   150000 146.7
 16   160000 56.7
 17   170000 68.3
 18   180000 226.7
 19   190000 203.3
 20   200000 248.3
 21   210000 466.7
 22   220000 318.3
 23   230000 250.0
 24   240000 275.0
 25   250000 195.0
 26   260000 198.3
 27   270000 275.0
 28   280000 181.7
 29   290000 328.3
 30   300000 351.7
 31   310000 280.0
 32   320000 640.0
 33   330000 320.0
 34   340000 343.3
 35   350000 346.7
 36   360000 400.0
 37   370000 480.0
 38   380000 293.3
 39   390000 285.0
 40   400000 341.7
 41   410000 290.0
 42   420000 295.0
 43   430000 561.7
 44   440000 360.0
 45   450000 513.3
 46   460000 248.3
 47   470000 335.0
 48   480000 283.3
 49   490000 368.3
 50   500000 265.0
 51   510000 588.3
 52   520000 381.7
 53   530000 261.7
 54   540000 360.0
 55   550000 391.7
 56   560000 321.7
 57   570000 468.3
 58   580000 463.3
 59   590000 330.0
 60   600000 505.0
 61   610000 361.7
 62   620000 573.3
 63   630000 533.3
 64   640000 400.0
 65   650000 411.7
 66   660000 598.3
 67   670000 441.7
 68   680000 656.7
 69   690000 373.3
 70   700000 473.3
 71   710000 416.7
 72   720000 605.0
 73   730000 506.7
 74   740000 585.0
 75   750000 361.7
 76   760000 405.0
 77   770000 403.3
 78   780000 556.7
 79   790000 405.0
 80   800000 403.3
 81   810000 428.3
 82   820000 425.0
 83   830000 365.0
 84   840000 428.3
 85   850000 460.0
 86   860000 438.3
 87   870000 370.0
 88   880000 630.0
 89   890000 551.7
 90   900000 381.7
 91   910000 348.3
 92   920000 561.7
 93   930000 453.3
 94   940000 521.7
 95   950000 388.3
 96   960000 550.0
 97   970000 423.3
 98   980000 410.0
 99   990000 753.3
100  1000000 630.0
101  1010000 661.7
102  1020000 433.3
103  1030000 661.7
104  1040000 446.7
105  1050000 360.0
106  1060000 386.7
107  1070000 786.7
108  1080000 430.0
109  1090000 393.3
110  1100000 728.3
111  1110000 503.3
112  1120000 640.0
113  1130000 413.3
114  1140000 438.3
115  1150000 503.3
116  1160000 350.0
117  1170000 498.3
118  1180000 470.0
119  1190000 481.7
120  1200000 653.3
121  1210000 428.3
122  1220000 388.3
123  1230000 360.0
124  1240000 505.0
125  1250000 501.7
126  1260000 373.3
127  1270000 396.7
128  1280000 531.7
129  1290000 570.0
130  1300000 350.0
131  1310000 588.3
132  1320000 535.0
133  1330000 358.3
134  1340000 398.3
135  1350000 488.3
136  1360000 670.0
137  1370000 401.7
138  1380000 346.7
139  1390000 406.7
140  1400000 411.7
141  1410000 428.3
142  1420000 468.3
143  1430000 745.0
144  1440000 673.3
145  1450000 356.7
146  1460000 575.0
147  1470000 445.0
148  1480000 430.0
149  1490000 511.7
150  1500000 565.0
151  1510000 876.7
152  1520000 543.3
153  1530000 768.3
154  1540000 445.0
155  1550000 743.3
156  1560000 773.3
157  1570000 768.3
158  1580000 758.3
159  1590000 681.7
160  1600000 728.3
161  1610000 651.7
162  1620000 896.7
163  1630000 848.3
164  1640000 680.0
165  1650000 573.3
166  1660000 550.0
167  1670000 883.3
168  1680000 491.7
169  1690000 680.0
170  1700000 956.7
171  1710000 781.7
172  1720000 428.3
173  1730000 851.7
174  1740000 1018.3
175  1750000 708.3
176  1760000 1045.0
177  1770000 1111.7
178  1780000 506.7
179  1790000 825.0
180  1800000 858.3
181  1810000 1061.7
182  1820000 803.3
183  1830000 825.0
184  1840000 578.3
185  1850000 853.3
186  1860000 833.3
187  1870000 965.0
188  1880000 798.3
189  1890000 876.7
190  1900000 831.7
191  1910000 855.0
192  1920000 896.7
193  1930000 893.3
194  1940000 940.0
195  1950000 890.0
196  1960000 918.3
197  1970000 875.0
198  1980000 885.0
199  1990000 890.0
200  2000000 890.0
201  2010000 975.0
202  2020000 845.0
203  2030000 881.7
204  2040000 928.3
205  2050000 913.3
206  2060000 1115.0
207  2070000 946.7
208  2080000 806.7
209  2090000 593.3
210  2100000 835.0
211  2110000 1060.0
212  2120000 956.7
213  2130000 868.3
214  2140000 1185.0
215  2150000 836.7
216  2160000 965.0
217  2170000 681.7
218  2180000 945.0
219  2190000 943.3
220  2200000 855.0
221  2210000 1081.7
222  2220000 1063.3
223  2230000 756.7
224  2240000 965.0
225  2250000 935.0
226  2260000 765.0
227  2270000 778.3
228  2280000 843.3
229  2290000 1105.0
230  2300000 1071.7
231  2310000 938.3
232  2320000 1141.7
233  2330000 763.3
234  2340000 1070.0
235  2350000 838.3
236  2360000 861.7
237  2370000 1090.0
238  2380000 1350.0
239  2390000 1030.0
240  2400000 1133.3
241  2410000 935.0
242  2420000 1033.3
243  2430000 826.7
244  2440000 1006.7
245  2450000 791.7
246  2460000 940.0
247  2470000 823.3
248  2480000 991.7
249  2490000 953.3
250  2500000 890.0
251  2510000 981.7
252  2520000 1081.7
253  2530000 936.7
254  2540000 941.7
255  2550000 1176.7
256  2560000 940.0
257  2570000 1070.0
258  2580000 1161.7
259  2590000 786.7
260  2600000 1013.3
261  2610000 653.3
262  2620000 1030.0
263  2630000 1245.0
264  2640000 963.3
265  2650000 866.7
266  2660000 1056.7
267  2670000 963.3
268  2680000 1688.3
269  2690000 1056.7
270  2700000 1080.0
271  2710000 910.0
272  2720000 1200.0
273  2730000 1381.7
274  2740000 1006.7
275  2750000 918.3
276  2760000 836.7
277  2770000 981.7
278  2780000 988.3
279  2790000 1046.7
280  2800000 1040.0
281  2810000 713.3
282  2820000 1168.3
283  2830000 1101.7
284  2840000 886.7
285  2850000 826.7
286  2860000 1218.3
287  2870000 643.3
288  2880000 843.3
289  2890000 961.7
290  2900000 1048.3
291  2910000 905.0
292  2920000 901.7
293  2930000 831.7
294  2940000 988.3
295  2950000 1216.7
296  2960000 1300.0
297  2970000 901.7
298  2980000 1265.0
299  2990000 931.7
300  3000000 925.0
301  3010000 1063.3
302  3020000 908.3
303  3030000 1245.0
304  3040000 1043.3
305  3050000 1065.0
306  3060000 933.3
307  3070000 1121.7
308  3080000 1048.3
309  3090000 893.3
310  3100000 936.7
311  3110000 1291.7
312  3120000 910.0
313  3130000 1161.7
314  3140000 813.3
315  3150000 1080.0
316  3160000 1076.7
317  3170000 941.7
318  3180000 1238.3
319  3190000 1236.7
320  3200000 1018.3
321  3210000 1053.3
322  3220000 1148.3
323  3230000 1473.3
324  3240000 1358.3
325  3250000 1116.7
326  3260000 1265.0
327  3270000 1053.3
328  3280000 1153.3
329  3290000 1140.0
330  3300000 766.7
331  3310000 1285.0
332  3320000 1070.0
333  3330000 1241.7
334  3340000 946.7
335  3350000 951.7
336  3360000 1241.7
337  3370000 1235.0
338  3380000 1270.0
339  3390000 1030.0
340  3400000 1200.0
341  3410000 1340.0
342  3420000 1353.3
343  3430000 1290.0
344  3440000 1230.0
345  3450000 941.7
346  3460000 1020.0
347  3470000 1436.7
348  3480000 1105.0
349  3490000 1156.7
350  3500000 1006.7
351  3510000 751.7
352  3520000 1465.0
353  3530000 936.7
354  3540000 1185.0
355  3550000 1050.0
356  3560000 1015.0
357  3570000 1441.7
358  3580000 955.0
359  3590000 1246.7
360  3600000 941.7
361  3610000 988.3
362  3620000 1153.3
363  3630000 1086.7
364  3640000 1436.7
365  3650000 720.0
366  3660000 1135.0
367  3670000 1341.7
368  3680000 1173.3
369  3690000 1193.3
370  3700000 1196.7
371  3710000 1063.3
372  3720000 1076.7
373  3730000 1168.3
374  3740000 1411.7
375  3750000 1030.0
376  3760000 1235.0
377  3770000 878.3
378  3780000 926.7
379  3790000 916.7
380  3800000 1203.3
381  3810000 1516.7
382  3820000 1205.0
383  3830000 1100.0
384  3840000 1241.7
385  3850000 1438.3
386  3860000 990.0
387  3870000 1020.0
388  3880000 1091.7
389  3890000 876.7
390  3900000 1250.0
391  3910000 1046.7
392  3920000 1176.7
393  3930000 1400.0
394  3940000 903.3
395  3950000 1421.7
396  3960000 1193.3
397  3970000 1216.7
398  3980000 1273.3
399  3990000 826.7
400  4000000 1008.3
401  4010000 1408.3
402  4020000 1231.7
403  4030000 991.7
404  4040000 1408.3
405  4050000 990.0
406  4060000 980.0
407  4070000 968.3
408  4080000 1093.3
409  4090000 1435.0
410  4100000 996.7
411  4110000 1105.0
412  4120000 851.7
413  4130000 1645.0
414  4140000 1210.0
415  4150000 1408.3
416  4160000 1110.0
417  4170000 1161.7
418  4180000 1106.7
419  4190000 1148.3
420  4200000 1241.7
421  4210000 1360.0
422  4220000 963.3
423  4230000 1173.3
424  4240000 1020.0
425  4250000 818.3
426  4260000 1201.7
427  4270000 850.0
428  4280000 1186.7
429  4290000 1078.3
430  4300000 1481.7
431  4310000 1358.3
432  4320000 1305.0
433  4330000 945.0
434  4340000 1141.7
435  4350000 993.3
436  4360000 1000.0
437  4370000 1035.0
438  4380000 1293.3
439  4390000 946.7
440  4400000 1563.3
441  4410000 1340.0
442  4420000 1390.0
443  4430000 1005.0
444  4440000 893.3
445  4450000 986.7
446  4460000 1200.0
447  4470000 1101.7
448  4480000 1020.0
449  4490000 943.3
450  4500000 936.7
451  4510000 956.7
452  4520000 1133.3
453  4530000 1400.0
454  4540000 1386.7
455  4550000 1003.3
456  4560000 1261.7
457  4570000 1215.0
458  4580000 1491.7
459  4590000 840.0
460  4600000 1198.3
461  4610000 1390.0
462  4620000 1205.0
463  4630000 1150.0
464  4640000 1023.3
465  4650000 1555.0
466  4660000 838.3
467  4670000 1146.7
468  4680000 1263.3
469  4690000 946.7
470  4700000 1546.7
471  4710000 1346.7
472  4720000 888.3
473  4730000 891.7
474  4740000 1636.7
475  4750000 1523.3
476  4760000 805.0
477  4770000 961.7
478  4780000 1376.7
479  4790000 1230.0
480  4800000 1360.0
481  4810000 1071.7
482  4820000 1306.7
483  4830000 913.3
484  4840000 976.7
485  4850000 1146.7
486  4860000 1526.7
487  4870000 1398.3
488  4880000 1316.7
489  4890000 1216.7
490  4900000 798.3
491  4910000 1026.7
492  4920000 1013.3
493  4930000 865.0
494  4940000 1735.0
495  4950000 1440.0
496  4960000 1351.7
497  4970000 1138.3
498  4980000 1063.3
499  4990000 1318.3
