  0        0 483.3
  1    10000 273.3
  2    20000 248.3
  3    30000 363.3
  4    40000 400.0
  5    50000 388.3
  6    60000 301.7
  7    70000 353.3
  8    80000 338.3
  9    90000 158.3
 10   100000 351.7
 11   110000 271.7
 12   120000 55.0
 13   130000 50.0
 14   140000 0.0
 15   150000 426.7
 16   160000 278.3
 17   170000 175.0
 18   180000 61.7
 19   190000 210.0
 20   200000 240.0
 21   210000 293.3
 22   220000 355.0
 23   230000 175.0
 24   240000 273.3
 25   250000 25.0
 26   260000 66.7
 27   270000 188.3
 28   280000 116.7
 29   290000 173.3
 30   300000 271.7
 31   310000 461.7
 32   320000 33.3
 33   330000 95.0
 34   340000 108.3
 35   350000 186.7
 36   360000 218.3
 37   370000 73.3
 38   380000 100.0
 39   390000 226.7
 40   400000 90.0
 41   410000 45.0
 42   420000 208.3
 43   430000 368.3
 44   440000 53.3
 45   450000 135.0
 46   460000 76.7
 47   470000 140.0
 48   480000 216.7
 49   490000 310.0
 50   500000 168.3
 51   510000 255.0
 52   520000 218.3
 53   530000 130.0
 54   540000 166.7
 55   550000 193.3
 56   560000 110.0
 57   570000 200.0
 58   580000 498.3
 59   590000 220.0
 60   600000 236.7
 61   610000 76.7
 62   620000 108.3
 63   630000 260.0
 64   640000 275.0
 65   650000 190.0
 66   660000 228.3
 67   670000 140.0
 68   680000 178.3
 69   690000 210.0
 70   700000 260.0
 71   710000 291.7
 72   720000 255.0
 73   730000 303.3
 74   740000 311.7
 75   750000 103.3
 76   760000 151.7
 77   770000 65.0
 78   780000 280.0
 79   790000 176.7
 80   800000 266.7
 81   810000 193.3
 82   820000 286.7
 83   830000 198.3
 84   840000 136.7
 85   850000 543.3
 86   860000 191.7
 87   870000 131.7
 88   880000 213.3
 89   890000 256.7
 90   900000 220.0
 91   910000 245.0
 92   920000 260.0
 93   930000 530.0
 94   940000 366.7
 95   950000 191.7
 96   960000 406.7
 97   970000 443.3
 98   980000 433.3
 99   990000 395.0
100  1000000 303.3
101  1010000 310.0
102  1020000 356.7
103  1030000 300.0
104  1040000 238.3
105  1050000 395.0
106  1060000 456.7
107  1070000 186.7
108  1080000 236.7
109  1090000 415.0
110  1100000 278.3
111  1110000 203.3
112  1120000 203.3
113  1130000 238.3
114  1140000 293.3
115  1150000 168.3
116  1160000 270.0
117  1170000 116.7
118  1180000 51.7
119  1190000 343.3
120  1200000 438.3
121  1210000 316.7
122  1220000 245.0
123  1230000 275.0
124  1240000 373.3
125  1250000 451.7
126  1260000 518.3
127  1270000 468.3
128  1280000 410.0
129  1290000 368.3
130  1300000 501.7
131  1310000 200.0
132  1320000 766.7
133  1330000 355.0
134  1340000 401.7
135  1350000 271.7
136  1360000 198.3
137  1370000 496.7
138  1380000 280.0
139  1390000 301.7
140  1400000 341.7
141  1410000 230.0
142  1420000 216.7
143  1430000 283.3
144  1440000 398.3
145  1450000 263.3
146  1460000 326.7
147  1470000 455.0
148  1480000 411.7
149  1490000 440.0
150  1500000 168.3
151  1510000 261.7
152  1520000 168.3
153  1530000 300.0
154  1540000 226.7
155  1550000 160.0
156  1560000 171.7
157  1570000 195.0
158  1580000 230.0
159  1590000 598.3
160  1600000 445.0
161  1610000 586.7
162  1620000 441.7
163  1630000 780.0
164  1640000 365.0
165  1650000 340.0
166  1660000 555.0
167  1670000 275.0
168  1680000 280.0
169  1690000 341.7
170  1700000 530.0
171  1710000 226.7
172  1720000 320.0
173  1730000 348.3
174  1740000 220.0
175  1750000 366.7
176  1760000 481.7
177  1770000 163.3
178  1780000 290.0
179  1790000 485.0
180  1800000 551.7
181  1810000 328.3
182  1820000 278.3
183  1830000 470.0
184  1840000 303.3
185  1850000 205.0
186  1860000 333.3
187  1870000 603.3
188  1880000 413.3
189  1890000 348.3
190  1900000 316.7
191  1910000 468.3
192  1920000 475.0
193  1930000 421.7
194  1940000 360.0
195  1950000 336.7
196  1960000 308.3
197  1970000 356.7
198  1980000 470.0
199  1990000 226.7
200  2000000 315.0
201  2010000 320.0
202  2020000 446.7
203  2030000 321.7
204  2040000 625.0
205  2050000 333.3
206  2060000 366.7
207  2070000 410.0
208  2080000 390.0
209  2090000 526.7
210  2100000 368.3
211  2110000 340.0
212  2120000 350.0
213  2130000 375.0
214  2140000 443.3
215  2150000 525.0
216  2160000 546.7
217  2170000 420.0
218  2180000 371.7
219  2190000 365.0
220  2200000 388.3
221  2210000 395.0
222  2220000 513.3
223  2230000 285.0
224  2240000 296.7
225  2250000 755.0
226  2260000 406.7
227  2270000 308.3
228  2280000 481.7
229  2290000 491.7
230  2300000 345.0
231  2310000 270.0
232  2320000 436.7
233  2330000 250.0
234  2340000 271.7
235  2350000 325.0
236  2360000 420.0
237  2370000 450.0
238  2380000 635.0
239  2390000 488.3
240  2400000 356.7
241  2410000 348.3
242  2420000 473.3
243  2430000 403.3
244  2440000 448.3
245  2450000 450.0
246  2460000 481.7
247  2470000 438.3
248  2480000 413.3
249  2490000 385.0
250  2500000 371.7
251  2510000 500.0
252  2520000 518.3
253  2530000 336.7
254  2540000 476.7
255  2550000 541.7
256  2560000 786.7
257  2570000 338.3
258  2580000 313.3
259  2590000 423.3
260  2600000 433.3
261  2610000 406.7
262  2620000 438.3
263  2630000 416.7
264  2640000 571.7
265  2650000 393.3
266  2660000 758.3
267  2670000 755.0
268  2680000 541.7
269  2690000 475.0
270  2700000 458.3
271  2710000 615.0
272  2720000 630.0
273  2730000 545.0
274  2740000 573.3
275  2750000 450.0
276  2760000 475.0
277  2770000 406.7
278  2780000 615.0
279  2790000 348.3
280  2800000 751.7
281  2810000 458.3
282  2820000 610.0
283  2830000 498.3
284  2840000 516.7
285  2850000 503.3
286  2860000 601.7
287  2870000 585.0
288  2880000 688.3
289  2890000 521.7
290  2900000 398.3
291  2910000 556.7
292  2920000 433.3
293  2930000 465.0
294  2940000 518.3
295  2950000 593.3
296  2960000 555.0
297  2970000 770.0
298  2980000 740.0
299  2990000 655.0
300  3000000 701.7
301  3010000 506.7
302  3020000 443.3
303  3030000 568.3
304  3040000 610.0
305  3050000 393.3
306  3060000 516.7
307  3070000 360.0
308  3080000 470.0
309  3090000 338.3
310  3100000 615.0
311  3110000 371.7
312  3120000 358.3
313  3130000 330.0
314  3140000 375.0
315  3150000 503.3
316  3160000 400.0
317  3170000 578.3
318  3180000 633.3
319  3190000 460.0
320  3200000 598.3
321  3210000 580.0
322  3220000 551.7
323  3230000 595.0
324  3240000 516.7
325  3250000 520.0
326  3260000 613.3
327  3270000 560.0
328  3280000 606.7
329  3290000 511.7
330  3300000 541.7
331  3310000 483.3
332  3320000 551.7
333  3330000 570.0
334  3340000 690.0
335  3350000 690.0
336  3360000 341.7
337  3370000 590.0
338  3380000 726.7
339  3390000 585.0
340  3400000 456.7
341  3410000 746.7
342  3420000 563.3
343  3430000 573.3
344  3440000 463.3
345  3450000 373.3
346  3460000 521.7
347  3470000 473.3
348  3480000 520.0
349  3490000 583.3
350  3500000 611.7
351  3510000 606.7
352  3520000 565.0
353  3530000 535.0
354  3540000 616.7
355  3550000 640.0
356  3560000 538.3
357  3570000 808.3
358  3580000 723.3
359  3590000 563.3
360  3600000 533.3
361  3610000 535.0
362  3620000 580.0
363  3630000 513.3
364  3640000 546.7
365  3650000 573.3
366  3660000 610.0
367  3670000 555.0
368  3680000 575.0
369  3690000 620.0
370  3700000 601.7
371  3710000 586.7
372  3720000 546.7
373  3730000 616.7
374  3740000 656.7
375  3750000 565.0
376  3760000 481.7
377  3770000 535.0
378  3780000 661.7
379  3790000 593.3
380  3800000 565.0
381  3810000 735.0
382  3820000 601.7
383  3830000 468.3
384  3840000 580.0
385  3850000 416.7
386  3860000 741.7
387  3870000 356.7
388  3880000 696.7
389  3890000 575.0
390  3900000 576.7
391  3910000 558.3
392  3920000 550.0
393  3930000 616.7
394  3940000 845.0
395  3950000 575.0
396  3960000 576.7
397  3970000 586.7
398  3980000 575.0
399  3990000 523.3
400  4000000 551.7
401  4010000 560.0
402  4020000 576.7
403  4030000 556.7
404  4040000 533.3
405  4050000 585.0
406  4060000 726.7
407  4070000 530.0
408  4080000 773.3
409  4090000 706.7
410  4100000 603.3
411  4110000 700.0
412  4120000 550.0
413  4130000 586.7
414  4140000 536.7
415  4150000 590.0
416  4160000 796.7
417  4170000 550.0
418  4180000 601.7
419  4190000 550.0
420  4200000 488.3
421  4210000 660.0
422  4220000 503.3
423  4230000 613.3
424  4240000 570.0
425  4250000 626.7
426  4260000 550.0
427  4270000 560.0
428  4280000 691.7
429  4290000 550.0
430  4300000 588.3
431  4310000 593.3
432  4320000 708.3
433  4330000 636.7
434  4340000 676.7
435  4350000 625.0
436  4360000 661.7
437  4370000 550.0
438  4380000 575.0
439  4390000 608.3
440  4400000 696.7
441  4410000 631.7
442  4420000 656.7
443  4430000 435.0
444  4440000 633.3
445  4450000 626.7
446  4460000 633.3
447  4470000 638.3
448  4480000 595.0
449  4490000 570.0
450  4500000 596.7
451  4510000 663.3
452  4520000 628.3
453  4530000 560.0
454  4540000 576.7
455  4550000 650.0
456  4560000 746.7
457  4570000 561.7
458  4580000 640.0
459  4590000 621.7
460  4600000 570.0
461  4610000 590.0
462  4620000 533.3
463  4630000 570.0
464  4640000 561.7
465  4650000 603.3
466  4660000 555.0
467  4670000 543.3
468  4680000 603.3
469  4690000 561.7
470  4700000 555.0
471  4710000 600.0
472  4720000 363.3
473  4730000 596.7
474  4740000 615.0
475  4750000 550.0
476  4760000 571.7
477  4770000 586.7
478  4780000 665.0
479  4790000 598.3
480  4800000 801.7
481  4810000 555.0
482  4820000 555.0
483  4830000 683.3
484  4840000 626.7
485  4850000 545.0
486  4860000 611.7
487  4870000 565.0
488  4880000 550.0
489  4890000 565.0
490  4900000 626.7
491  4910000 550.0
492  4920000 540.0
493  4930000 808.3
494  4940000 551.7
495  4950000 573.3
496  4960000 573.3
497  4970000 643.3
498  4980000 551.7
499  4990000 616.7
