  0        0 255.0
  1    10000 240.0
  2    20000 230.0
  3    30000 308.3
  4    40000 158.3
  5    50000 291.7
  6    60000 95.0
  7    70000 21.7
  8    80000 123.3
  9    90000 321.7
 10   100000 108.3
 11   110000 41.7
 12   120000 180.0
 13   130000 118.3
 14   140000 413.3
 15   150000 21.7
 16   160000 186.7
 17   170000 396.7
 18   180000 128.3
 19   190000 218.3
 20   200000 418.3
 21   210000 25.0
 22   220000 246.7
 23   230000 33.3
 24   240000 8.3
 25   250000 33.3
 26   260000 156.7
 27   270000 191.7
 28   280000 323.3
 29   290000 68.3
 30   300000 436.7
 31   310000 401.7
 32   320000 256.7
 33   330000 261.7
 34   340000 226.7
 35   350000 8.3
 36   360000 260.0
 37   370000 730.0
 38   380000 406.7
 39   390000 453.3
 40   400000 193.3
 41   410000 233.3
 42   420000 85.0
 43   430000 120.0
 44   440000 296.7
 45   450000 413.3
 46   460000 253.3
 47   470000 43.3
 48   480000 303.3
 49   490000 386.7
 50   500000 278.3
 51   510000 458.3
 52   520000 413.3
 53   530000 303.3
 54   540000 193.3
 55   550000 635.0
 56   560000 356.7
 57   570000 385.0
 58   580000 323.3
 59   590000 238.3
 60   600000 303.3
 61   610000 246.7
 62   620000 321.7
 63   630000 338.3
 64   640000 201.7
 65   650000 590.0
 66   660000 300.0
 67   670000 313.3
 68   680000 401.7
 69   690000 300.0
 70   700000 448.3
 71   710000 460.0
 72   720000 323.3
 73   730000 760.0
 74   740000 353.3
 75   750000 361.7
 76   760000 570.0
 77   770000 561.7
 78   780000 316.7
 79   790000 251.7
 80   800000 190.0
 81   810000 630.0
 82   820000 345.0
 83   830000 571.7
 84   840000 768.3
 85   850000 618.3
 86   860000 403.3
 87   870000 333.3
 88   880000 281.7
 89   890000 403.3
 90   900000 345.0
 91   910000 430.0
 92   920000 520.0
 93   930000 266.7
 94   940000 525.0
 95   950000 465.0
 96   960000 710.0
 97   970000 588.3
 98   980000 530.0
 99   990000 520.0
100  1000000 360.0
101  1010000 636.7
102  1020000 518.3
103  1030000 325.0
104  1040000 301.7
105  1050000 336.7
106  1060000 291.7
107  1070000 496.7
108  1080000 585.0
109  1090000 411.7
110  1100000 466.7
111  1110000 396.7
112  1120000 621.7
113  1130000 390.0
114  1140000 358.3
115  1150000 458.3
116  1160000 536.7
117  1170000 350.0
118  1180000 240.0
119  1190000 863.3
120  1200000 615.0
121  1210000 401.7
122  1220000 350.0
123  1230000 793.3
124  1240000 583.3
125  1250000 701.7
126  1260000 615.0
127  1270000 580.0
128  1280000 790.0
129  1290000 471.7
130  1300000 550.0
131  1310000 621.7
132  1320000 596.7
133  1330000 566.7
134  1340000 776.7
135  1350000 258.3
136  1360000 695.0
137  1370000 496.7
138  1380000 455.0
139  1390000 1058.3
140  1400000 900.0
141  1410000 425.0
142  1420000 770.0
143  1430000 886.7
144  1440000 291.7
145  1450000 518.3
146  1460000 615.0
147  1470000 606.7
148  1480000 451.7
149  1490000 555.0
150  1500000 548.3
151  1510000 658.3
152  1520000 670.0
153  1530000 630.0
154  1540000 461.7
155  1550000 590.0
156  1560000 531.7
157  1570000 701.7
158  1580000 461.7
159  1590000 645.0
160  1600000 686.7
161  1610000 536.7
162  1620000 673.3
163  1630000 693.3
164  1640000 635.0
165  1650000 498.3
166  1660000 710.0
167  1670000 1121.7
168  1680000 585.0
169  1690000 551.7
170  1700000 563.3
171  1710000 641.7
172  1720000 615.0
173  1730000 820.0
174  1740000 525.0
175  1750000 521.7
176  1760000 673.3
177  1770000 605.0
178  1780000 546.7
179  1790000 611.7
180  1800000 641.7
181  1810000 713.3
182  1820000 716.7
183  1830000 658.3
184  1840000 705.0
185  1850000 496.7
186  1860000 570.0
187  1870000 605.0
188  1880000 633.3
189  1890000 673.3
190  1900000 908.3
191  1910000 950.0
192  1920000 691.7
193  1930000 706.7
194  1940000 601.7
195  1950000 610.0
196  1960000 793.3
197  1970000 478.3
198  1980000 598.3
199  1990000 796.7
200  2000000 615.0
201  2010000 703.3
202  2020000 621.7
203  2030000 441.7
204  2040000 741.7
205  2050000 735.0
206  2060000 428.3
207  2070000 800.0
208  2080000 845.0
209  2090000 558.3
210  2100000 686.7
211  2110000 500.0
212  2120000 738.3
213  2130000 550.0
214  2140000 713.3
215  2150000 666.7
216  2160000 798.3
217  2170000 768.3
218  2180000 781.7
219  2190000 813.3
220  2200000 630.0
221  2210000 585.0
222  2220000 571.7
223  2230000 883.3
224  2240000 600.0
225  2250000 448.3
226  2260000 646.7
227  2270000 1010.0
228  2280000 743.3
229  2290000 943.3
230  2300000 693.3
231  2310000 843.3
232  2320000 660.0
233  2330000 650.0
234  2340000 1081.7
235  2350000 641.7
236  2360000 700.0
237  2370000 753.3
238  2380000 763.3
239  2390000 578.3
240  2400000 811.7
241  2410000 790.0
242  2420000 1045.0
243  2430000 741.7
244  2440000 1031.7
245  2450000 743.3
246  2460000 813.3
247  2470000 878.3
248  2480000 698.3
249  2490000 773.3
250  2500000 748.3
251  2510000 745.0
252  2520000 870.0
253  2530000 743.3
254  2540000 911.7
255  2550000 785.0
256  2560000 800.0
257  2570000 455.0
258  2580000 693.3
259  2590000 721.7
260  2600000 828.3
261  2610000 780.0
262  2620000 738.3
263  2630000 756.7
264  2640000 973.3
265  2650000 933.3
266  2660000 728.3
267  2670000 878.3
268  2680000 843.3
269  2690000 1026.7
270  2700000 913.3
271  2710000 936.7
272  2720000 801.7
273  2730000 653.3
274  2740000 830.0
275  2750000 808.3
276  2760000 873.3
277  2770000 796.7
278  2780000 776.7
279  2790000 846.7
280  2800000 716.7
281  2810000 916.7
282  2820000 593.3
283  2830000 956.7
284  2840000 1091.7
285  2850000 783.3
286  2860000 801.7
287  2870000 943.3
288  2880000 860.0
289  2890000 893.3
290  2900000 841.7
291  2910000 938.3
292  2920000 950.0
293  2930000 903.3
294  2940000 898.3
295  2950000 868.3
296  2960000 718.3
297  2970000 935.0
298  2980000 671.7
299  2990000 811.7
300  3000000 953.3
301  3010000 1083.3
302  3020000 721.7
303  3030000 863.3
304  3040000 768.3
305  3050000 860.0
306  3060000 850.0
307  3070000 791.7
308  3080000 961.7
309  3090000 978.3
310  3100000 851.7
311  3110000 1161.7
312  3120000 873.3
313  3130000 1085.0
314  3140000 943.3
315  3150000 673.3
316  3160000 783.3
317  3170000 761.7
318  3180000 1175.0
319  3190000 791.7
320  3200000 1336.7
321  3210000 890.0
322  3220000 881.7
323  3230000 956.7
324  3240000 828.3
325  3250000 911.7
326  3260000 873.3
327  3270000 800.0
328  3280000 970.0
329  3290000 901.7
330  3300000 1018.3
331  3310000 825.0
332  3320000 951.7
333  3330000 898.3
334  3340000 796.7
335  3350000 936.7
336  3360000 811.7
337  3370000 988.3
338  3380000 906.7
339  3390000 945.0
340  3400000 875.0
341  3410000 956.7
342  3420000 865.0
343  3430000 866.7
344  3440000 1103.3
345  3450000 896.7
346  3460000 916.7
347  3470000 971.7
348  3480000 920.0
349  3490000 835.0
350  3500000 971.7
351  3510000 821.7
352  3520000 1065.0
353  3530000 831.7
354  3540000 945.0
355  3550000 938.3
356  3560000 813.3
357  3570000 1113.3
358  3580000 633.3
359  3590000 873.3
360  3600000 1193.3
361  3610000 976.7
362  3620000 1061.7
363  3630000 895.0
364  3640000 868.3
365  3650000 866.7
366  3660000 916.7
367  3670000 1023.3
368  3680000 866.7
369  3690000 883.3
370  3700000 946.7
371  3710000 895.0
372  3720000 878.3
373  3730000 966.7
374  3740000 855.0
375  3750000 913.3
376  3760000 935.0
377  3770000 1090.0
378  3780000 983.3
379  3790000 836.7
380  3800000 891.7
381  3810000 895.0
382  3820000 1105.0
383  3830000 961.7
384  3840000 923.3
385  3850000 763.3
386  3860000 920.0
387  3870000 921.7
388  3880000 921.7
389  3890000 1015.0
390  3900000 933.3
391  3910000 990.0
392  3920000 961.7
393  3930000 905.0
394  3940000 948.3
395  3950000 1091.7
396  3960000 966.7
397  3970000 951.7
398  3980000 985.0
399  3990000 1015.0
400  4000000 926.7
401  4010000 975.0
402  4020000 898.3
403  4030000 928.3
404  4040000 871.7
405  4050000 1055.0
406  4060000 1225.0
407  4070000 920.0
408  4080000 975.0
409  4090000 1250.0
410  4100000 1181.7
411  4110000 968.3
412  4120000 960.0
413  4130000 1013.3
414  4140000 780.0
415  4150000 1085.0
416  4160000 1035.0
417  4170000 925.0
418  4180000 906.7
419  4190000 1018.3
420  4200000 883.3
421  4210000 906.7
422  4220000 858.3
423  4230000 981.7
424  4240000 998.3
425  4250000 1130.0
426  4260000 1061.7
427  4270000 858.3
428  4280000 1005.0
429  4290000 915.0
430  4300000 1176.7
431  4310000 1066.7
432  4320000 896.7
433  4330000 890.0
434  4340000 750.0
435  4350000 875.0
436  4360000 975.0
437  4370000 910.0
438  4380000 948.3
439  4390000 1036.7
440  4400000 911.7
441  4410000 940.0
442  4420000 938.3
443  4430000 871.7
444  4440000 1058.3
445  4450000 926.7
446  4460000 975.0
447  4470000 950.0
448  4480000 943.3
449  4490000 1058.3
450  4500000 883.3
451  4510000 893.3
452  4520000 921.7
453  4530000 1088.3
454  4540000 933.3
455  4550000 1025.0
456  4560000 1093.3
457  4570000 1015.0
458  4580000 923.3
459  4590000 915.0
460  4600000 1256.7
461  4610000 988.3
462  4620000 890.0
463  4630000 945.0
464  4640000 933.3
465  4650000 1006.7
466  4660000 830.0
467  4670000 1093.3
468  4680000 885.0
469  4690000 1073.3
470  4700000 968.3
471  4710000 841.7
472  4720000 870.0
473  4730000 1126.7
474  4740000 928.3
475  4750000 938.3
476  4760000 1021.7
477  4770000 1143.3
478  4780000 1078.3
479  4790000 996.7
480  4800000 963.3
481  4810000 1086.7
482  4820000 1003.3
483  4830000 893.3
484  4840000 995.0
485  4850000 1005.0
486  4860000 993.3
487  4870000 1021.7
488  4880000 860.0
489  4890000 1010.0
490  4900000 930.0
491  4910000 858.3
492  4920000 968.3
493  4930000 975.0
494  4940000 1000.0
495  4950000 916.7
496  4960000 1011.7
497  4970000 1026.7
498  4980000 778.3
499  4990000 980.0
