  0        0 156.7
  1    10000 103.3
  2    20000 200.0
  3    30000 116.7
  4    40000 108.3
  5    50000 158.3
  6    60000 218.3
  7    70000 290.0
  8    80000 140.0
  9    90000 211.7
 10   100000 326.7
 11   110000 140.0
 12   120000 83.3
 13   130000 178.3
 14   140000 633.3
 15   150000 145.0
 16   160000 50.0
 17   170000 226.7
 18   180000 428.3
 19   190000 45.0
 20   200000 633.3
 21   210000 108.3
 22   220000 135.0
 23   230000 73.3
 24   240000 40.0
 25   250000 120.0
 26   260000 143.3
 27   270000 128.3
 28   280000 163.3
 29   290000 301.7
 30   300000 56.7
 31   310000 106.7
 32   320000 208.3
 33   330000 305.0
 34   340000 250.0
 35   350000 63.3
 36   360000 285.0
 37   370000 8.3
 38   380000 526.7
 39   390000 248.3
 40   400000 261.7
 41   410000 240.0
 42   420000 203.3
 43   430000 303.3
 44   440000 331.7
 45   450000 330.0
 46   460000 158.3
 47   470000 100.0
 48   480000 301.7
 49   490000 313.3
 50   500000 230.0
 51   510000 85.0
 52   520000 95.0
 53   530000 206.7
 54   540000 338.3
 55   550000 241.7
 56   560000 493.3
 57   570000 123.3
 58   580000 21.7
 59   590000 293.3
 60   600000 273.3
 61   610000 141.7
 62   620000 165.0
 63   630000 156.7
 64   640000 73.3
 65   650000 378.3
 66   660000 173.3
 67   670000 108.3
 68   680000 236.7
 69   690000 293.3
 70   700000 336.7
 71   710000 238.3
 72   720000 240.0
 73   730000 175.0
 74   740000 263.3
 75   750000 226.7
 76   760000 181.7
 77   770000 51.7
 78   780000 83.3
 79   790000 290.0
 80   800000 188.3
 81   810000 88.3
 82   820000 286.7
 83   830000 335.0
 84   840000 96.7
 85   850000 143.3
 86   860000 113.3
 87   870000 170.0
 88   880000 160.0
 89   890000 191.7
 90   900000 278.3
 91   910000 216.7
 92   920000 303.3
 93   930000 60.0
 94   940000 18.3
 95   950000 246.7
 96   960000 155.0
 97   970000 175.0
 98   980000 60.0
 99   990000 98.3
100  1000000 223.3
101  1010000 63.3
102  1020000 273.3
103  1030000 141.7
104  1040000 85.0
105  1050000 156.7
106  1060000 265.0
107  1070000 58.3
108  1080000 110.0
109  1090000 276.7
110  1100000 103.3
111  1110000 293.3
112  1120000 241.7
113  1130000 100.0
114  1140000 345.0
115  1150000 281.7
116  1160000 166.7
117  1170000 78.3
118  1180000 193.3
119  1190000 125.0
120  1200000 243.3
121  1210000 136.7
122  1220000 120.0
123  1230000 131.7
124  1240000 176.7
125  1250000 210.0
126  1260000 73.3
127  1270000 100.0
128  1280000 170.0
129  1290000 75.0
130  1300000 240.0
131  1310000 86.7
132  1320000 281.7
133  1330000 101.7
134  1340000 296.7
135  1350000 98.3
136  1360000 256.7
137  1370000 55.0
138  1380000 263.3
139  1390000 8.3
140  1400000 85.0
141  1410000 93.3
142  1420000 135.0
143  1430000 215.0
144  1440000 55.0
145  1450000 86.7
146  1460000 201.7
147  1470000 243.3
148  1480000 70.0
149  1490000 80.0
150  1500000 171.7
151  1510000 153.3
152  1520000 303.3
153  1530000 206.7
154  1540000 216.7
155  1550000 313.3
156  1560000 366.7
157  1570000 335.0
158  1580000 340.0
159  1590000 76.7
160  1600000 328.3
161  1610000 195.0
162  1620000 356.7
163  1630000 178.3
164  1640000 295.0
165  1650000 343.3
166  1660000 243.3
167  1670000 358.3
168  1680000 201.7
169  1690000 263.3
170  1700000 280.0
171  1710000 230.0
172  1720000 71.7
173  1730000 153.3
174  1740000 315.0
175  1750000 58.3
176  1760000 81.7
177  1770000 95.0
178  1780000 160.0
179  1790000 260.0
180  1800000 271.7
181  1810000 155.0
182  1820000 206.7
183  1830000 225.0
184  1840000 278.3
185  1850000 286.7
186  1860000 203.3
187  1870000 133.3
188  1880000 355.0
189  1890000 116.7
190  1900000 235.0
191  1910000 241.7
192  1920000 221.7
193  1930000 215.0
194  1940000 293.3
195  1950000 231.7
196  1960000 286.7
197  1970000 270.0
198  1980000 330.0
199  1990000 336.7
200  2000000 241.7
201  2010000 206.7
202  2020000 116.7
203  2030000 185.0
204  2040000 235.0
205  2050000 235.0
206  2060000 156.7
207  2070000 188.3
208  2080000 198.3
209  2090000 241.7
210  2100000 176.7
211  2110000 211.7
212  2120000 163.3
213  2130000 188.3
214  2140000 225.0
215  2150000 250.0
216  2160000 201.7
217  2170000 198.3
218  2180000 153.3
219  2190000 190.0
220  2200000 188.3
221  2210000 170.0
222  2220000 193.3
223  2230000 151.7
224  2240000 263.3
225  2250000 158.3
226  2260000 113.3
227  2270000 228.3
228  2280000 228.3
229  2290000 243.3
230  2300000 121.7
231  2310000 251.7
232  2320000 236.7
233  2330000 115.0
234  2340000 240.0
235  2350000 178.3
236  2360000 175.0
237  2370000 266.7
238  2380000 211.7
239  2390000 271.7
240  2400000 188.3
241  2410000 238.3
242  2420000 196.7
243  2430000 231.7
244  2440000 178.3
245  2450000 166.7
246  2460000 211.7
247  2470000 221.7
248  2480000 198.3
249  2490000 90.0
250  2500000 198.3
251  2510000 411.7
252  2520000 241.7
253  2530000 185.0
254  2540000 195.0
255  2550000 270.0
256  2560000 178.3
257  2570000 205.0
258  2580000 290.0
259  2590000 198.3
260  2600000 236.7
261  2610000 238.3
262  2620000 263.3
263  2630000 246.7
264  2640000 253.3
265  2650000 258.3
266  2660000 510.0
267  2670000 205.0
268  2680000 270.0
269  2690000 313.3
270  2700000 261.7
271  2710000 300.0
272  2720000 193.3
273  2730000 198.3
274  2740000 261.7
275  2750000 248.3
276  2760000 236.7
277  2770000 165.0
278  2780000 451.7
279  2790000 270.0
280  2800000 318.3
281  2810000 373.3
282  2820000 283.3
283  2830000 233.3
284  2840000 393.3
285  2850000 383.3
286  2860000 460.0
287  2870000 401.7
288  2880000 466.7
289  2890000 303.3
290  2900000 300.0
291  2910000 373.3
292  2920000 325.0
293  2930000 380.0
294  2940000 365.0
295  2950000 328.3
296  2960000 183.3
297  2970000 303.3
298  2980000 318.3
299  2990000 316.7
300  3000000 203.3
301  3010000 356.7
302  3020000 373.3
303  3030000 223.3
304  3040000 318.3
305  3050000 243.3
306  3060000 368.3
307  3070000 183.3
308  3080000 285.0
309  3090000 341.7
310  3100000 335.0
311  3110000 376.7
312  3120000 426.7
313  3130000 183.3
314  3140000 216.7
315  3150000 330.0
316  3160000 335.0
317  3170000 356.7
318  3180000 373.3
319  3190000 383.3
320  3200000 316.7
321  3210000 343.3
322  3220000 263.3
323  3230000 383.3
324  3240000 323.3
325  3250000 333.3
326  3260000 295.0
327  3270000 335.0
328  3280000 368.3
329  3290000 290.0
330  3300000 333.3
331  3310000 183.3
332  3320000 333.3
333  3330000 293.3
334  3340000 383.3
335  3350000 691.7
336  3360000 338.3
337  3370000 183.3
338  3380000 246.7
339  3390000 343.3
340  3400000 343.3
341  3410000 308.3
342  3420000 520.0
343  3430000 268.3
344  3440000 336.7
345  3450000 376.7
346  3460000 366.7
347  3470000 315.0
348  3480000 295.0
349  3490000 241.7
350  3500000 281.7
351  3510000 506.7
352  3520000 183.3
353  3530000 320.0
354  3540000 285.0
355  3550000 316.7
356  3560000 358.3
357  3570000 280.0
358  3580000 311.7
359  3590000 353.3
360  3600000 296.7
361  3610000 303.3
362  3620000 280.0
363  3630000 360.0
364  3640000 338.3
365  3650000 268.3
366  3660000 338.3
367  3670000 373.3
368  3680000 415.0
369  3690000 260.0
370  3700000 375.0
371  3710000 333.3
372  3720000 383.3
373  3730000 333.3
374  3740000 506.7
375  3750000 350.0
376  3760000 183.3
377  3770000 386.7
378  3780000 350.0
379  3790000 291.7
380  3800000 320.0
381  3810000 291.7
382  3820000 481.7
383  3830000 333.3
384  3840000 333.3
385  3850000 560.0
386  3860000 271.7
387  3870000 315.0
388  3880000 346.7
389  3890000 331.7
390  3900000 183.3
391  3910000 250.0
392  3920000 396.7
393  3930000 325.0
394  3940000 393.3
395  3950000 393.3
396  3960000 383.3
397  3970000 360.0
398  3980000 356.7
399  3990000 451.7
400  4000000 336.7
401  4010000 256.7
402  4020000 278.3
403  4030000 623.3
404  4040000 320.0
405  4050000 241.7
406  4060000 326.7
407  4070000 373.3
408  4080000 311.7
409  4090000 358.3
410  4100000 283.3
411  4110000 271.7
412  4120000 230.0
413  4130000 336.7
414  4140000 373.3
415  4150000 391.7
416  4160000 201.7
417  4170000 325.0
418  4180000 395.0
419  4190000 325.0
420  4200000 330.0
421  4210000 671.7
422  4220000 418.3
423  4230000 311.7
424  4240000 343.3
425  4250000 270.0
426  4260000 410.0
427  4270000 310.0
428  4280000 475.0
429  4290000 320.0
430  4300000 235.0
431  4310000 293.3
432  4320000 318.3
433  4330000 183.3
434  4340000 525.0
435  4350000 263.3
436  4360000 283.3
437  4370000 356.7
438  4380000 531.7
439  4390000 396.7
440  4400000 601.7
441  4410000 403.3
442  4420000 368.3
443  4430000 361.7
444  4440000 248.3
445  4450000 393.3
446  4460000 363.3
447  4470000 413.3
448  4480000 428.3
449  4490000 433.3
450  4500000 368.3
451  4510000 351.7
452  4520000 358.3
453  4530000 421.7
454  4540000 390.0
455  4550000 383.3
456  4560000 388.3
457  4570000 373.3
458  4580000 511.7
459  4590000 376.7
460  4600000 381.7
461  4610000 418.3
462  4620000 350.0
463  4630000 371.7
464  4640000 480.0
465  4650000 396.7
466  4660000 288.3
467  4670000 348.3
468  4680000 413.3
469  4690000 326.7
470  4700000 365.0
471  4710000 356.7
472  4720000 430.0
473  4730000 676.7
474  4740000 448.3
475  4750000 583.3
476  4760000 458.3
477  4770000 426.7
478  4780000 286.7
479  4790000 375.0
480  4800000 383.3
481  4810000 373.3
482  4820000 383.3
483  4830000 383.3
484  4840000 368.3
485  4850000 418.3
486  4860000 585.0
487  4870000 383.3
488  4880000 355.0
489  4890000 393.3
490  4900000 373.3
491  4910000 516.7
492  4920000 486.7
493  4930000 533.3
494  4940000 521.7
495  4950000 376.7
496  4960000 375.0
497  4970000 385.0
498  4980000 333.3
499  4990000 313.3
